t    x     y    deg 
0.000   0.00   0.00   0.00 
0.001   0.00   0.00   0.00 
0.011   0.00   0.00   0.00 
0.021   0.27   -0.00   358.91 
0.031   0.27   -0.00   358.91 
0.041   0.27   -0.00   358.89 
0.051   0.27   -0.00   358.89 
0.061   0.28   -0.00   358.87 
0.071   0.28   -0.00   358.87 
0.081   0.28   -0.00   358.86 
0.091   0.28   -0.00   358.86 
0.101   0.29   -0.00   358.85 
0.111   0.29   -0.00   358.85 
0.121   0.29   -0.00   358.82 
0.131   0.29   -0.00   358.82 
0.141   0.30   -0.00   358.78 
0.151   0.30   -0.00   358.78 
0.161   0.30   -0.00   358.73 
0.171   0.30   -0.00   358.73 
0.181   0.31   -0.00   358.69 
0.191   0.31   -0.00   358.69 
0.201   0.31   -0.00   358.69 
0.211   0.31   -0.00   358.69 
0.221   0.31   -0.00   358.69 
0.231   0.32   -0.00   358.64 
0.241   0.32   -0.00   358.64 
0.251   0.32   -0.00   358.64 
0.261   0.32   -0.00   358.64 
0.271   0.33   -0.00   358.61 
0.281   0.33   -0.00   358.61 
0.291   0.33   -0.00   358.61 
0.301   0.33   -0.00   358.61 
0.311   0.34   -0.00   358.58 
0.321   0.34   -0.00   358.58 
0.331   0.34   -0.00   358.58 
0.341   0.34   -0.00   358.58 
0.351   0.34   -0.00   358.58 
0.361   0.34   -0.00   358.52 
0.371   0.34   -0.00   358.52 
0.381   0.34   -0.00   358.52 
0.391   0.34   -0.00   358.52 
0.401   0.36   -0.00   358.44 
0.411   0.36   -0.00   358.44 
0.421   0.36   -0.00   358.44 
0.431   0.36   -0.00   358.44 
0.441   0.36   -0.00   358.44 
0.451   0.37   -0.00   358.39 
0.461   0.37   -0.00   358.36 
0.471   0.37   -0.00   358.36 
0.481   0.38   -0.00   358.34 
0.491   0.38   -0.00   358.34 
0.501   0.38   -0.00   358.34 
0.511   0.38   -0.00   358.34 
0.521   0.39   -0.01   358.30 
0.531   0.39   -0.01   358.30 
0.541   0.39   -0.01   358.30 
0.551   0.39   -0.01   358.30 
0.561   0.39   -0.01   358.30 
0.571   0.40   -0.01   358.27 
0.581   0.40   -0.01   358.27 
0.591   0.40   -0.01   358.27 
0.601   0.40   -0.01   358.27 
0.611   0.41   -0.01   358.24 
0.621   0.41   -0.01   358.24 
0.631   0.41   -0.01   358.24 
0.641   0.41   -0.01   358.24 
0.651   0.42   -0.01   358.20 
0.661   0.42   -0.01   358.20 
0.671   0.42   -0.01   358.20 
0.681   0.42   -0.01   358.20 
0.691   0.42   -0.01   358.20 
0.701   0.43   -0.01   358.11 
0.711   0.43   -0.01   358.11 
0.721   0.43   -0.01   358.11 
0.731   0.43   -0.01   358.11 
0.741   0.44   -0.01   357.96 
0.751   0.44   -0.01   357.96 
0.761   0.44   -0.01   357.96 
0.771   0.44   -0.01   357.96 
0.781   0.44   -0.01   357.96 
0.791   0.45   -0.01   357.92 
0.801   0.46   -0.01   357.91 
0.811   0.46   -0.01   357.91 
0.821   0.46   -0.01   357.89 
0.831   0.46   -0.01   357.89 
0.841   0.46   -0.01   357.89 
0.851   0.46   -0.01   357.89 
0.861   0.47   -0.01   357.86 
0.871   0.47   -0.01   357.86 
0.881   0.47   -0.01   357.86 
0.891   0.47   -0.01   357.86 
0.901   0.47   -0.01   357.86 
0.911   0.48   -0.01   357.81 
0.921   0.48   -0.01   357.81 
0.931   0.48   -0.01   357.81 
0.941   0.48   -0.01   357.81 
0.951   0.49   -0.01   357.75 
0.961   0.49   -0.01   357.75 
0.971   0.49   -0.01   357.75 
0.981   0.49   -0.01   357.75 
0.991   0.50   -0.01   357.66 
1.001   0.50   -0.01   357.66 
1.011   0.50   -0.01   357.66 
1.021   0.50   -0.01   357.66 
1.031   0.50   -0.01   357.66 
1.041   0.51   -0.01   357.60 
1.051   0.51   -0.01   357.60 
1.061   0.51   -0.01   357.60 
1.071   0.51   -0.01   357.60 
1.081   0.53   -0.01   357.55 
1.091   0.53   -0.01   357.55 
1.101   0.53   -0.01   357.55 
1.111   0.53   -0.01   357.55 
1.121   0.53   -0.01   357.55 
1.131   0.54   -0.01   357.51 
1.141   0.54   -0.01   357.47 
1.151   0.54   -0.01   357.47 
1.161   0.55   -0.01   357.45 
1.171   0.55   -0.01   357.45 
1.181   0.55   -0.01   357.45 
1.191   0.55   -0.01   357.45 
1.201   0.56   -0.01   357.42 
1.211   0.56   -0.01   357.42 
1.221   0.56   -0.01   357.42 
1.231   0.56   -0.01   357.42 
1.241   0.56   -0.01   357.42 
1.251   0.57   -0.01   357.37 
1.261   0.57   -0.01   357.37 
1.271   0.57   -0.01   357.37 
1.281   0.57   -0.01   357.37 
1.291   0.58   -0.01   357.33 
1.301   0.58   -0.01   357.33 
1.311   0.58   -0.01   357.33 
1.321   0.58   -0.01   357.33 
1.331   0.59   -0.01   357.29 
1.341   0.59   -0.01   357.29 
1.351   0.59   -0.01   357.29 
1.361   0.59   -0.01   357.29 
1.371   0.59   -0.01   357.29 
1.381   0.60   -0.01   357.25 
1.391   0.60   -0.01   357.25 
1.401   0.60   -0.01   357.25 
1.411   0.60   -0.01   357.25 
1.421   0.61   -0.01   357.15 
1.431   0.61   -0.01   357.15 
1.441   0.61   -0.01   357.15 
1.451   0.61   -0.01   357.15 
1.461   0.61   -0.01   357.15 
1.471   0.62   -0.01   357.10 
1.481   0.63   -0.01   357.10 
1.491   0.63   -0.01   357.10 
1.501   0.63   -0.01   357.09 
1.511   0.63   -0.01   357.09 
1.521   0.63   -0.01   357.09 
1.531   0.63   -0.01   357.09 
1.541   0.65   -0.02   357.04 
1.551   0.65   -0.02   357.04 
1.561   0.65   -0.02   357.04 
1.571   0.65   -0.02   357.04 
1.581   0.65   -0.02   357.04 
1.591   0.66   -0.02   356.94 
1.601   0.66   -0.02   356.94 
1.611   0.66   -0.02   356.94 
1.621   0.66   -0.02   356.94 
1.631   0.67   -0.02   356.88 
1.641   0.67   -0.02   356.88 
1.651   0.67   -0.02   356.88 
1.661   0.67   -0.02   356.88 
1.671   0.68   -0.02   356.86 
1.681   0.68   -0.02   356.86 
1.691   0.68   -0.02   356.86 
1.701   0.68   -0.02   356.86 
1.711   0.68   -0.02   356.86 
1.721   0.69   -0.02   356.84 
1.731   0.69   -0.02   356.84 
1.741   0.69   -0.02   356.84 
1.751   0.69   -0.02   356.84 
1.761   0.70   -0.02   356.76 
1.771   0.70   -0.02   356.76 
1.781   0.70   -0.02   356.76 
1.791   0.70   -0.02   356.76 
1.801   0.70   -0.02   356.76 
1.811   0.71   -0.02   356.72 
1.821   0.72   -0.02   356.70 
1.831   0.72   -0.02   356.70 
1.841   0.72   -0.02   356.67 
1.851   0.72   -0.02   356.67 
1.861   0.72   -0.02   356.67 
1.871   0.72   -0.02   356.67 
1.881   0.73   -0.02   356.63 
1.891   0.73   -0.02   356.63 
1.901   0.73   -0.02   356.63 
1.911   0.73   -0.02   356.63 
1.921   0.73   -0.02   356.63 
1.931   0.74   -0.02   356.59 
1.941   0.74   -0.02   356.59 
1.951   0.74   -0.02   356.59 
1.961   0.74   -0.02   356.59 
1.971   0.75   -0.02   356.56 
1.981   0.75   -0.02   356.56 
1.991   0.75   -0.02   356.56 
2.001   0.75   -0.02   356.56 
2.011   0.76   -0.02   356.52 
2.021   0.76   -0.02   356.52 
2.031   0.76   -0.02   356.52 
2.041   0.76   -0.02   356.52 
2.051   0.76   -0.02   356.52 
2.061   0.77   -0.02   356.48 
2.071   0.77   -0.02   356.48 
2.081   0.77   -0.02   356.48 
2.091   0.77   -0.02   356.48 
2.101   0.79   -0.02   356.39 
2.111   0.79   -0.02   356.39 
2.121   0.79   -0.02   356.39 
2.131   0.79   -0.02   356.39 
2.141   0.79   -0.02   356.39 
2.151   0.80   -0.02   356.38 
2.161   0.80   -0.02   356.36 
2.171   0.80   -0.02   356.36 
2.181   0.81   -0.03   356.34 
2.191   0.81   -0.03   356.34 
2.201   0.81   -0.03   356.34 
2.211   0.81   -0.03   356.34 
2.221   0.82   -0.03   356.31 
2.231   0.82   -0.03   356.31 
2.241   0.82   -0.03   356.31 
2.251   0.82   -0.03   356.31 
2.261   0.82   -0.03   356.31 
2.271   0.83   -0.03   356.27 
2.281   0.83   -0.03   356.27 
2.291   0.83   -0.03   356.27 
2.301   0.83   -0.03   356.27 
2.311   0.84   -0.03   356.25 
2.321   0.84   -0.03   356.25 
2.331   0.84   -0.03   356.25 
2.341   0.84   -0.03   356.25 
2.351   0.85   -0.03   356.23 
2.361   0.85   -0.03   356.23 
2.371   0.85   -0.03   356.23 
2.381   0.85   -0.03   356.23 
2.391   0.85   -0.03   356.23 
2.401   0.86   -0.03   356.20 
2.411   0.86   -0.03   356.20 
2.421   0.86   -0.03   356.20 
2.431   0.86   -0.03   356.20 
2.441   0.88   -0.03   356.16 
2.451   0.88   -0.03   356.16 
2.461   0.88   -0.03   356.16 
2.471   0.88   -0.03   356.16 
2.481   0.88   -0.03   356.16 
2.491   0.89   -0.03   356.12 
2.501   0.89   -0.03   356.10 
2.511   0.89   -0.03   356.10 
2.521   0.90   -0.03   356.09 
2.531   0.90   -0.03   356.09 
2.541   0.90   -0.03   356.09 
2.551   0.90   -0.03   356.09 
2.561   0.90   -0.03   356.08 
2.571   0.90   -0.03   356.08 
2.581   0.90   -0.03   356.08 
2.591   0.90   -0.03   356.08 
2.601   0.92   -0.03   356.02 
2.611   0.92   -0.03   356.02 
2.621   0.92   -0.03   356.02 
2.631   0.92   -0.03   356.02 
2.641   0.92   -0.03   356.02 
2.651   0.93   -0.03   356.01 
2.661   0.93   -0.03   356.00 
2.671   0.93   -0.03   356.00 
2.681   0.94   -0.03   355.99 
2.691   0.94   -0.03   355.99 
2.701   0.94   -0.03   355.99 
2.711   0.94   -0.03   355.99 
2.721   0.95   -0.03   355.96 
2.731   0.95   -0.03   355.96 
2.741   0.95   -0.03   355.96 
2.751   0.95   -0.03   355.96 
2.761   0.95   -0.03   355.96 
2.771   0.96   -0.04   355.93 
2.781   0.96   -0.04   355.93 
2.791   0.96   -0.04   355.93 
2.801   0.96   -0.04   355.93 
2.811   0.97   -0.04   355.91 
2.821   0.97   -0.04   355.91 
2.831   0.97   -0.04   355.91 
2.841   0.97   -0.04   355.91 
2.851   0.98   -0.04   355.87 
2.861   0.98   -0.04   355.87 
2.871   0.98   -0.04   355.87 
2.881   0.98   -0.04   355.87 
2.891   0.98   -0.04   355.87 
2.901   0.99   -0.04   355.83 
2.911   0.99   -0.04   355.83 
2.921   0.99   -0.04   355.83 
2.931   0.99   -0.04   355.83 
2.941   1.00   -0.04   355.80 
2.951   1.00   -0.04   355.80 
2.961   1.01   -0.04   355.78 
2.971   1.01   -0.04   355.78 
2.981   1.01   -0.04   355.77 
2.991   1.01   -0.04   355.77 
3.001   1.01   -0.04   355.77 
3.011   1.01   -0.04   355.77 
3.021   1.02   -0.04   355.75 
3.031   1.02   -0.04   355.75 
3.041   1.02   -0.04   355.75 
3.051   1.02   -0.04   355.75 
3.061   1.04   -0.04   355.73 
3.071   1.04   -0.04   355.73 
3.081   1.04   -0.04   355.73 
3.091   1.04   -0.04   355.73 
3.101   1.04   -0.04   355.73 
3.111   1.05   -0.04   355.68 
3.121   1.05   -0.04   355.68 
3.131   1.05   -0.04   355.68 
3.141   1.05   -0.04   355.68 
3.151   1.06   -0.04   355.63 
3.161   1.06   -0.04   355.63 
3.171   1.06   -0.04   355.63 
3.181   1.06   -0.04   355.63 
3.191   1.07   -0.04   355.59 
3.201   1.07   -0.04   355.59 
3.211   1.07   -0.04   355.59 
3.221   1.07   -0.04   355.59 
3.231   1.07   -0.04   355.59 
3.241   1.08   -0.04   355.55 
3.251   1.08   -0.04   355.55 
3.261   1.08   -0.04   355.55 
3.271   1.08   -0.04   355.55 
3.281   1.09   -0.05   355.51 
3.291   1.09   -0.05   355.51 
3.301   1.10   -0.05   355.50 
3.311   1.10   -0.05   355.50 
3.321   1.10   -0.05   355.48 
3.331   1.10   -0.05   355.48 
3.341   1.10   -0.05   355.48 
3.351   1.10   -0.05   355.48 
3.361   1.11   -0.05   355.43 
3.371   1.11   -0.05   355.43 
3.381   1.11   -0.05   355.43 
3.391   1.11   -0.05   355.43 
3.401   1.12   -0.05   355.39 
3.411   1.12   -0.05   355.39 
3.421   1.12   -0.05   355.39 
3.431   1.12   -0.05   355.39 
3.441   1.12   -0.05   355.39 
3.451   1.14   -0.05   355.35 
3.461   1.14   -0.05   355.35 
3.471   1.14   -0.05   355.35 
3.481   1.14   -0.05   355.35 
3.491   1.15   -0.05   355.32 
3.501   1.15   -0.05   355.32 
3.511   1.15   -0.05   355.32 
3.521   1.15   -0.05   355.32 
3.531   1.16   -0.05   355.26 
3.541   1.16   -0.05   355.26 
3.551   1.16   -0.05   355.26 
3.561   1.16   -0.05   355.26 
3.571   1.16   -0.05   355.26 
3.581   1.17   -0.05   355.23 
3.591   1.17   -0.05   355.23 
3.601   1.17   -0.05   355.23 
3.611   1.17   -0.05   355.23 
3.621   1.18   -0.05   355.18 
3.631   1.18   -0.05   355.18 
3.641   1.19   -0.05   355.16 
3.651   1.19   -0.05   355.16 
3.661   1.19   -0.05   355.13 
3.671   1.19   -0.05   355.13 
3.681   1.19   -0.05   355.13 
3.691   1.19   -0.05   355.13 
3.701   1.20   -0.05   355.08 
3.711   1.20   -0.05   355.08 
3.721   1.20   -0.05   355.08 
3.731   1.20   -0.05   355.08 
3.741   1.21   -0.06   355.01 
3.751   1.21   -0.06   355.01 
3.761   1.21   -0.06   355.01 
3.771   1.21   -0.06   355.01 
3.781   1.21   -0.06   355.01 
3.791   1.23   -0.06   354.98 
3.801   1.23   -0.06   354.98 
3.811   1.23   -0.06   354.98 
3.821   1.23   -0.06   354.98 
3.831   1.24   -0.06   354.97 
3.841   1.24   -0.06   354.97 
3.851   1.24   -0.06   354.97 
3.861   1.24   -0.06   354.97 
3.871   1.25   -0.06   354.93 
3.881   1.25   -0.06   354.93 
3.891   1.25   -0.06   354.93 
3.901   1.25   -0.06   354.93 
3.911   1.25   -0.06   354.93 
3.921   1.26   -0.06   354.86 
3.931   1.26   -0.06   354.86 
3.941   1.26   -0.06   354.86 
3.951   1.26   -0.06   354.86 
3.961   1.27   -0.06   354.81 
3.971   1.27   -0.06   354.81 
3.981   1.28   -0.06   354.77 
3.991   1.28   -0.06   354.77 
4.001   1.28   -0.06   354.73 
4.011   1.28   -0.06   354.73 
4.021   1.28   -0.06   354.73 
4.031   1.28   -0.06   354.73 
4.041   1.29   -0.06   354.70 
4.051   1.29   -0.06   354.70 
4.061   1.29   -0.06   354.70 
4.071   1.29   -0.06   354.70 
4.107   1.30   -0.06   354.66 
4.117   1.30   -0.06   354.66 
4.127   1.32   -0.06   354.61 
4.137   1.32   -0.06   354.61 
4.147   1.32   -0.06   354.61 
4.157   1.32   -0.06   354.61 
4.167   1.33   -0.07   354.54 
4.177   1.33   -0.07   354.54 
4.187   1.33   -0.07   354.54 
4.197   1.33   -0.07   354.54 
4.207   1.33   -0.07   354.54 
4.217   1.34   -0.07   354.51 
4.227   1.34   -0.07   354.51 
4.237   1.34   -0.07   354.51 
4.247   1.34   -0.07   354.51 
4.257   1.35   -0.07   354.49 
4.267   1.35   -0.07   354.49 
4.277   1.35   -0.07   354.49 
4.287   1.35   -0.07   354.49 
4.297   1.35   -0.07   354.49 
4.307   1.36   -0.07   354.43 
4.317   1.37   -0.07   354.39 
4.327   1.37   -0.07   354.39 
4.337   1.37   -0.07   354.35 
4.347   1.37   -0.07   354.35 
4.357   1.37   -0.07   354.35 
4.367   1.37   -0.07   354.35 
4.377   1.37   -0.07   354.35 
4.387   1.39   -0.07   354.27 
4.397   1.39   -0.07   354.27 
4.407   1.39   -0.07   354.27 
4.417   1.39   -0.07   354.27 
4.427   1.40   -0.07   354.25 
4.437   1.40   -0.07   354.25 
4.447   1.40   -0.07   354.25 
4.457   1.40   -0.07   354.25 
4.467   1.41   -0.07   354.24 
4.477   1.41   -0.07   354.24 
4.487   1.41   -0.07   354.24 
4.497   1.41   -0.07   354.24 
4.507   1.41   -0.07   354.24 
4.517   1.42   -0.07   354.21 
4.527   1.42   -0.07   354.21 
4.537   1.42   -0.07   354.21 
4.547   1.42   -0.07   354.21 
4.557   1.43   -0.08   354.11 
4.567   1.43   -0.08   354.11 
4.577   1.43   -0.08   354.11 
4.587   1.43   -0.08   354.11 
4.597   1.43   -0.08   354.11 
4.607   1.44   -0.08   354.03 
4.617   1.45   -0.08   354.01 
4.627   1.45   -0.08   354.01 
4.637   1.45   -0.08   353.99 
4.647   1.45   -0.08   353.99 
4.657   1.45   -0.08   353.99 
4.667   1.45   -0.08   353.99 
4.677   1.46   -0.08   353.98 
4.687   1.46   -0.08   353.98 
4.697   1.46   -0.08   353.98 
4.707   1.46   -0.08   353.98 
4.717   1.46   -0.08   353.98 
4.727   1.46   -0.08   353.96 
4.737   1.46   -0.08   353.96 
4.747   1.46   -0.08   353.96 
4.757   1.46   -0.08   353.96 
4.767   1.46   -0.08   353.96 
4.777   1.46   -0.08   353.96 
4.787   1.46   -0.08   353.96 
4.797   1.46   -0.08   353.96 
4.807   1.46   -0.08   354.07 
4.817   1.46   -0.08   354.07 
4.827   1.46   -0.08   354.07 
4.837   1.46   -0.08   354.07 
4.847   1.46   -0.08   354.07 
4.857   1.46   -0.08   354.21 
4.867   1.46   -0.08   354.21 
4.877   1.46   -0.08   354.21 
4.887   1.46   -0.08   354.21 
4.897   1.46   -0.08   354.85 
4.907   1.46   -0.08   354.85 
4.917   1.46   -0.08   354.85 
4.927   1.46   -0.08   354.85 
4.937   1.46   -0.08   354.85 
4.947   1.46   -0.08   355.54 
4.957   1.46   -0.08   355.91 
4.967   1.46   -0.08   355.91 
4.977   1.46   -0.08   356.31 
4.987   1.46   -0.08   356.31 
4.997   1.46   -0.08   356.31 
5.007   1.46   -0.08   356.31 
5.017   1.46   -0.08   357.41 
5.027   1.46   -0.08   357.41 
5.037   1.46   -0.08   357.41 
5.047   1.46   -0.08   357.41 
5.057   1.46   -0.08   357.41 
5.067   1.46   -0.08   358.28 
5.077   1.46   -0.08   358.28 
5.087   1.46   -0.08   358.28 
5.097   1.46   -0.08   358.28 
5.107   1.46   -0.08   359.07 
5.117   1.46   -0.08   359.07 
5.127   1.46   -0.08   359.07 
5.137   1.46   -0.08   359.07 
5.147   1.47   -0.08   359.84 
5.157   1.47   -0.08   359.84 
5.167   1.47   -0.08   359.84 
5.177   1.47   -0.08   359.84 
5.187   1.47   -0.08   359.84 
5.197   1.47   -0.08   0.61 
5.207   1.47   -0.08   0.61 
5.217   1.47   -0.08   0.61 
5.227   1.47   -0.08   0.61 
5.237   1.47   -0.08   1.96 
5.247   1.47   -0.08   1.96 
5.257   1.47   -0.08   1.96 
5.267   1.47   -0.08   1.96 
5.277   1.47   -0.08   1.96 
5.287   1.47   -0.08   2.77 
5.297   1.47   -0.08   3.20 
5.307   1.47   -0.08   3.20 
5.317   1.47   -0.08   3.64 
5.327   1.47   -0.08   3.64 
5.337   1.47   -0.08   3.64 
5.347   1.47   -0.08   3.64 
5.357   1.47   -0.08   4.51 
5.367   1.47   -0.08   4.51 
5.377   1.47   -0.08   4.51 
5.387   1.47   -0.08   4.51 
5.397   1.47   -0.08   4.51 
5.407   1.47   -0.08   5.30 
5.417   1.47   -0.08   5.30 
5.427   1.47   -0.08   5.30 
5.437   1.47   -0.08   5.30 
5.447   1.47   -0.08   6.03 
5.457   1.47   -0.08   6.03 
5.467   1.47   -0.08   6.03 
5.477   1.47   -0.08   6.03 
5.487   1.47   -0.08   6.03 
5.497   1.47   -0.08   7.02 
5.507   1.47   -0.08   7.02 
5.517   1.47   -0.08   7.02 
5.527   1.47   -0.08   7.02 
5.537   1.47   -0.08   8.37 
5.547   1.47   -0.08   8.37 
5.557   1.47   -0.08   8.37 
5.567   1.47   -0.08   8.37 
5.577   1.47   -0.08   9.20 
5.587   1.47   -0.08   9.20 
5.597   1.47   -0.08   9.60 
5.607   1.47   -0.08   9.60 
5.617   1.47   -0.08   9.99 
5.627   1.47   -0.08   9.99 
5.637   1.47   -0.08   9.99 
5.647   1.47   -0.08   9.99 
5.657   1.47   -0.08   10.79 
5.667   1.47   -0.08   10.79 
5.677   1.47   -0.08   10.79 
5.687   1.47   -0.08   10.79 
5.697   1.47   -0.08   11.58 
5.707   1.47   -0.08   11.58 
5.717   1.47   -0.08   11.58 
5.727   1.47   -0.08   11.58 
5.737   1.47   -0.08   11.58 
5.747   1.47   -0.08   12.54 
5.757   1.47   -0.08   12.54 
5.767   1.47   -0.08   12.54 
5.777   1.47   -0.08   12.54 
5.787   1.47   -0.08   13.35 
5.797   1.47   -0.08   13.35 
5.807   1.47   -0.08   13.35 
5.817   1.47   -0.08   13.35 
5.827   1.47   -0.08   14.29 
5.837   1.47   -0.08   14.29 
5.847   1.47   -0.08   14.29 
5.857   1.47   -0.08   14.29 
5.867   1.47   -0.08   14.29 
5.877   1.48   -0.08   15.64 
5.887   1.48   -0.08   15.64 
5.897   1.48   -0.08   15.64 
5.907   1.48   -0.08   15.64 
5.917   1.48   -0.08   16.40 
5.927   1.48   -0.08   16.40 
5.937   1.48   -0.08   16.78 
5.947   1.48   -0.08   16.78 
5.957   1.48   -0.08   17.37 
5.967   1.48   -0.08   17.37 
5.977   1.48   -0.08   17.37 
5.987   1.48   -0.08   17.37 
5.997   1.48   -0.08   18.18 
6.007   1.48   -0.08   18.18 
6.017   1.48   -0.08   18.18 
6.027   1.48   -0.08   18.18 
6.037   1.48   -0.08   18.18 
6.047   1.48   -0.08   18.97 
6.057   1.48   -0.08   18.97 
6.067   1.48   -0.08   18.97 
6.077   1.48   -0.08   18.97 
6.087   1.48   -0.08   19.79 
6.097   1.48   -0.08   19.79 
6.107   1.48   -0.08   19.79 
6.117   1.48   -0.08   19.79 
6.127   1.48   -0.08   19.79 
6.137   1.48   -0.08   20.71 
6.147   1.48   -0.08   20.71 
6.157   1.48   -0.08   20.71 
6.167   1.48   -0.08   20.71 
6.177   1.48   -0.08   22.02 
6.187   1.48   -0.08   22.02 
6.197   1.48   -0.08   22.02 
6.207   1.48   -0.08   22.02 
6.217   1.48   -0.08   22.95 
6.227   1.48   -0.08   22.95 
6.237   1.48   -0.08   23.33 
6.247   1.48   -0.08   23.33 
6.257   1.48   -0.08   23.73 
6.267   1.48   -0.08   23.73 
6.277   1.48   -0.08   23.73 
6.287   1.48   -0.08   23.73 
6.297   1.48   -0.08   24.59 
6.307   1.48   -0.08   24.59 
6.317   1.48   -0.08   24.59 
6.327   1.48   -0.08   24.59 
6.337   1.48   -0.08   25.39 
6.347   1.48   -0.08   25.39 
6.357   1.48   -0.08   25.39 
6.367   1.48   -0.08   25.39 
6.377   1.48   -0.08   25.39 
6.387   1.48   -0.08   26.17 
6.397   1.48   -0.08   26.17 
6.407   1.48   -0.08   26.17 
6.417   1.48   -0.08   26.17 
6.427   1.48   -0.08   27.05 
6.437   1.48   -0.08   27.05 
6.447   1.48   -0.08   27.05 
6.457   1.48   -0.08   27.05 
6.467   1.48   -0.08   27.05 
6.477   1.48   -0.07   28.27 
6.487   1.48   -0.07   28.27 
6.497   1.48   -0.07   28.27 
6.507   1.48   -0.07   28.27 
6.517   1.48   -0.07   29.50 
6.527   1.48   -0.07   29.50 
6.537   1.48   -0.07   29.50 
6.547   1.48   -0.07   29.50 
6.557   1.48   -0.07   30.33 
6.567   1.48   -0.07   30.33 
6.577   1.48   -0.07   30.77 
6.587   1.48   -0.07   30.77 
6.597   1.48   -0.07   31.19 
6.607   1.48   -0.07   31.19 
6.617   1.48   -0.07   31.19 
6.627   1.48   -0.07   31.19 
6.637   1.48   -0.07   31.97 
6.647   1.48   -0.07   31.97 
6.657   1.48   -0.07   31.97 
6.667   1.48   -0.07   31.97 
6.677   1.48   -0.07   32.92 
6.687   1.48   -0.07   32.92 
6.697   1.48   -0.07   32.92 
6.707   1.48   -0.07   32.92 
6.717   1.48   -0.07   32.92 
6.727   1.49   -0.07   33.80 
6.737   1.49   -0.07   33.80 
6.747   1.49   -0.07   33.80 
6.757   1.49   -0.07   33.80 
6.767   1.49   -0.07   34.72 
6.777   1.49   -0.07   34.72 
6.787   1.49   -0.07   34.72 
6.797   1.49   -0.07   34.72 
6.807   1.49   -0.07   34.72 
6.817   1.49   -0.07   35.54 
6.827   1.49   -0.07   35.54 
6.837   1.49   -0.07   35.54 
6.847   1.49   -0.07   35.54 
6.857   1.49   -0.07   36.71 
6.867   1.49   -0.07   36.71 
6.877   1.49   -0.07   36.71 
6.887   1.49   -0.07   36.71 
6.897   1.49   -0.07   37.54 
6.907   1.49   -0.07   37.54 
6.917   1.49   -0.07   38.20 
6.927   1.49   -0.07   38.20 
6.937   1.49   -0.07   38.63 
6.947   1.49   -0.07   38.63 
6.957   1.49   -0.07   38.63 
6.967   1.49   -0.07   38.63 
6.977   1.49   -0.07   39.49 
6.987   1.49   -0.07   39.49 
6.997   1.49   -0.07   39.49 
7.007   1.49   -0.07   39.49 
7.017   1.49   -0.07   40.34 
7.027   1.49   -0.07   40.34 
7.037   1.49   -0.07   40.34 
7.047   1.49   -0.07   40.34 
7.057   1.49   -0.07   40.34 
7.067   1.49   -0.07   41.25 
7.077   1.49   -0.07   41.25 
7.087   1.49   -0.07   41.25 
7.097   1.49   -0.07   41.25 
7.107   1.49   -0.07   42.14 
7.117   1.49   -0.07   42.14 
7.127   1.49   -0.07   42.14 
7.137   1.49   -0.07   42.14 
7.147   1.49   -0.07   43.13 
7.157   1.49   -0.07   43.13 
7.167   1.49   -0.07   43.13 
7.177   1.49   -0.07   43.13 
7.187   1.49   -0.07   43.13 
7.197   1.49   -0.07   44.39 
7.207   1.49   -0.07   44.39 
7.217   1.49   -0.07   44.39 
7.227   1.49   -0.07   44.39 
7.237   1.49   -0.07   45.33 
7.247   1.49   -0.07   45.33 
7.257   1.49   -0.07   45.77 
7.267   1.49   -0.07   45.77 
7.277   1.49   -0.07   46.19 
7.287   1.49   -0.07   46.19 
7.297   1.49   -0.07   46.19 
7.307   1.49   -0.07   46.19 
7.317   1.49   -0.07   46.97 
7.327   1.49   -0.07   46.97 
7.337   1.49   -0.07   46.97 
7.347   1.49   -0.07   46.97 
7.357   1.49   -0.07   47.79 
7.367   1.49   -0.07   47.79 
7.377   1.49   -0.07   47.79 
7.387   1.49   -0.07   47.79 
7.397   1.49   -0.07   47.79 
7.407   1.49   -0.07   48.88 
7.417   1.49   -0.07   48.88 
7.427   1.49   -0.07   48.88 
7.437   1.49   -0.07   48.88 
7.447   1.49   -0.07   49.74 
7.457   1.49   -0.07   49.74 
7.467   1.49   -0.07   49.74 
7.477   1.49   -0.07   49.74 
7.487   1.49   -0.07   50.59 
7.497   1.49   -0.07   50.59 
7.507   1.49   -0.07   50.59 
7.517   1.49   -0.07   50.59 
7.527   1.49   -0.07   50.59 
7.537   1.49   -0.07   51.97 
7.547   1.49   -0.07   51.97 
7.557   1.49   -0.07   51.97 
7.567   1.49   -0.07   51.97 
7.577   1.49   -0.07   52.95 
7.587   1.49   -0.07   52.95 
7.597   1.49   -0.07   53.40 
7.607   1.49   -0.07   53.40 
7.617   1.49   -0.07   54.01 
7.627   1.49   -0.07   54.01 
7.637   1.49   -0.07   54.01 
7.647   1.49   -0.07   54.01 
7.657   1.49   -0.07   54.83 
7.667   1.49   -0.07   54.83 
7.677   1.49   -0.07   54.83 
7.687   1.49   -0.07   54.83 
7.697   1.49   -0.07   55.77 
7.707   1.49   -0.07   55.77 
7.717   1.49   -0.07   55.77 
7.727   1.49   -0.07   55.77 
7.737   1.49   -0.07   55.77 
7.747   1.49   -0.07   56.75 
7.757   1.49   -0.07   56.75 
7.767   1.49   -0.07   56.75 
7.777   1.49   -0.07   56.75 
7.787   1.49   -0.07   57.63 
7.797   1.49   -0.07   57.63 
7.807   1.49   -0.07   57.63 
7.817   1.49   -0.07   57.63 
7.827   1.49   -0.07   57.63 
7.837   1.49   -0.07   58.48 
7.847   1.49   -0.07   58.48 
7.857   1.49   -0.07   58.48 
7.867   1.49   -0.07   58.48 
7.877   1.49   -0.07   60.02 
7.887   1.49   -0.07   60.02 
7.897   1.49   -0.07   60.02 
7.907   1.49   -0.07   60.02 
7.917   1.49   -0.06   60.85 
7.927   1.49   -0.06   60.85 
7.937   1.49   -0.06   61.26 
7.947   1.49   -0.06   61.26 
7.957   1.49   -0.06   61.69 
7.967   1.49   -0.06   61.69 
7.977   1.49   -0.06   61.69 
7.987   1.49   -0.06   61.69 
7.997   1.49   -0.06   62.60 
8.007   1.49   -0.06   62.60 
8.017   1.49   -0.06   62.60 
8.027   1.49   -0.06   62.60 
8.037   1.49   -0.06   63.57 
8.047   1.49   -0.06   63.57 
8.057   1.49   -0.06   63.57 
8.067   1.49   -0.06   63.57 
8.077   1.49   -0.06   63.57 
8.087   1.49   -0.06   64.45 
8.097   1.49   -0.06   64.45 
8.107   1.49   -0.06   64.45 
8.117   1.49   -0.06   64.45 
8.127   1.49   -0.06   65.49 
8.137   1.49   -0.06   65.49 
8.147   1.49   -0.06   65.49 
8.157   1.49   -0.06   65.49 
8.167   1.49   -0.06   65.49 
8.177   1.49   -0.06   66.81 
8.187   1.49   -0.06   66.81 
8.197   1.49   -0.06   66.81 
8.207   1.49   -0.06   66.81 
8.217   1.49   -0.06   67.69 
8.227   1.49   -0.06   68.12 
8.237   1.49   -0.06   68.12 
8.247   1.49   -0.06   68.54 
8.257   1.49   -0.06   68.54 
8.267   1.49   -0.06   68.54 
8.277   1.49   -0.06   68.54 
8.287   1.49   -0.06   68.54 
8.296   1.49   -0.06   69.41 
8.307   1.49   -0.06   69.41 
8.317   1.49   -0.06   69.41 
8.327   1.49   -0.06   69.41 
8.337   1.49   -0.06   70.57 
8.347   1.49   -0.06   70.57 
8.357   1.49   -0.06   70.57 
8.367   1.49   -0.06   70.57 
8.377   1.49   -0.06   71.46 
8.387   1.49   -0.06   71.46 
8.397   1.49   -0.06   71.46 
8.407   1.49   -0.06   71.46 
8.417   1.49   -0.06   71.46 
8.427   1.49   -0.06   72.29 
8.437   1.49   -0.06   72.29 
8.447   1.49   -0.06   72.29 
8.457   1.49   -0.06   72.29 
8.467   1.49   -0.06   73.16 
8.477   1.49   -0.06   73.16 
8.487   1.49   -0.06   73.16 
8.497   1.49   -0.06   73.16 
8.507   1.50   -0.06   74.60 
8.516   1.50   -0.06   74.60 
8.527   1.50   -0.06   74.60 
8.537   1.50   -0.06   74.60 
8.547   1.50   -0.06   74.60 
8.557   1.50   -0.06   75.55 
8.567   1.50   -0.06   75.55 
8.577   1.50   -0.06   76.22 
8.587   1.50   -0.06   76.65 
8.597   1.50   -0.06   76.65 
8.607   1.50   -0.06   76.65 
8.617   1.50   -0.06   76.65 
8.627   1.50   -0.06   76.65 
8.637   1.50   -0.06   77.57 
8.647   1.50   -0.06   77.57 
8.657   1.50   -0.06   77.57 
8.667   1.50   -0.06   77.57 
8.677   1.50   -0.06   78.53 
8.687   1.50   -0.06   78.53 
8.697   1.50   -0.06   78.53 
8.707   1.50   -0.06   78.53 
8.717   1.50   -0.06   79.43 
8.727   1.50   -0.06   79.43 
8.737   1.50   -0.06   79.43 
8.747   1.50   -0.06   79.43 
8.757   1.50   -0.06   79.43 
8.767   1.50   -0.06   80.35 
8.777   1.50   -0.06   80.35 
8.787   1.50   -0.06   80.35 
8.797   1.50   -0.06   80.35 
8.807   1.50   -0.06   81.30 
8.817   1.50   -0.06   81.30 
8.827   1.50   -0.06   81.30 
8.837   1.50   -0.06   81.30 
8.847   1.50   -0.06   82.96 
8.857   1.50   -0.06   82.96 
8.867   1.50   -0.06   82.96 
8.877   1.50   -0.06   82.96 
8.887   1.50   -0.06   82.96 
8.897   1.50   -0.06   83.85 
8.907   1.50   -0.06   84.29 
8.917   1.50   -0.06   84.29 
8.927   1.50   -0.06   84.75 
8.937   1.50   -0.06   84.75 
8.947   1.50   -0.06   84.75 
8.957   1.50   -0.06   84.75 
8.967   1.50   -0.06   85.72 
8.977   1.50   -0.06   85.72 
8.987   1.50   -0.06   85.72 
8.997   1.50   -0.06   85.72 
9.007   1.50   -0.06   85.72 
9.017   1.50   -0.06   86.67 
9.027   1.50   -0.06   86.67 
9.037   1.50   -0.06   86.67 
9.047   1.50   -0.06   86.67 
9.057   1.50   -0.06   87.76 
9.067   1.50   -0.06   87.76 
9.077   1.50   -0.06   87.76 
9.112   1.50   -0.06   88.69 
9.122   1.50   -0.06   88.69 
9.132   1.50   -0.06   88.69 
9.142   1.50   -0.06   88.69 
9.152   1.50   -0.05   89.66 
9.162   1.50   -0.05   89.66 
9.172   1.50   -0.05   89.66 
9.182   1.50   -0.05   89.66 
9.192   1.50   -0.05   91.06 
9.202   1.50   -0.05   91.06 
9.212   1.50   -0.05   91.06 
9.222   1.50   -0.05   91.06 
9.232   1.50   -0.05   91.96 
9.242   1.50   -0.05   91.96 
9.252   1.50   -0.05   92.43 
9.262   1.50   -0.05   92.43 
9.272   1.50   -0.05   92.91 
9.282   1.50   -0.05   92.91 
9.292   1.50   -0.05   92.91 
9.302   1.50   -0.05   92.91 
9.312   1.50   -0.05   94.06 
9.322   1.50   -0.05   94.06 
9.332   1.50   -0.05   94.06 
9.342   1.50   -0.05   94.06 
9.352   1.50   -0.05   94.89 
9.362   1.50   -0.05   94.89 
9.372   1.50   -0.05   94.89 
9.382   1.50   -0.05   94.89 
9.392   1.50   -0.05   94.89 
9.402   1.50   -0.05   95.77 
9.412   1.50   -0.05   95.77 
9.422   1.50   -0.05   95.77 
9.432   1.50   -0.05   95.77 
9.442   1.50   -0.05   96.75 
9.452   1.50   -0.05   96.75 
9.462   1.50   -0.05   96.75 
9.472   1.50   -0.05   96.75 
9.482   1.50   -0.05   96.75 
9.492   1.50   -0.05   97.74 
9.502   1.50   -0.05   97.74 
9.512   1.50   -0.05   97.74 
9.522   1.50   -0.05   97.74 
9.532   1.50   -0.05   99.35 
9.542   1.50   -0.05   99.35 
9.552   1.50   -0.05   99.35 
9.562   1.50   -0.05   99.35 
9.572   1.50   -0.05   100.26 
9.582   1.50   -0.05   100.26 
9.592   1.50   -0.05   100.75 
9.602   1.50   -0.05   100.75 
9.612   1.50   -0.05   101.25 
9.622   1.50   -0.05   101.25 
9.632   1.50   -0.05   101.25 
9.642   1.50   -0.05   101.25 
9.652   1.50   -0.05   102.23 
9.662   1.50   -0.05   102.23 
9.672   1.50   -0.05   102.23 
9.682   1.50   -0.05   102.23 
9.692   1.50   -0.05   103.15 
9.702   1.50   -0.05   103.15 
9.712   1.50   -0.05   103.15 
9.722   1.50   -0.05   103.15 
9.732   1.50   -0.05   103.15 
9.742   1.50   -0.05   104.11 
9.752   1.50   -0.05   104.11 
9.762   1.50   -0.05   104.11 
9.772   1.50   -0.05   104.11 
9.782   1.50   -0.05   105.28 
9.792   1.50   -0.05   105.28 
9.802   1.50   -0.05   105.28 
9.812   1.50   -0.05   105.28 
9.822   1.50   -0.05   105.28 
9.832   1.50   -0.05   106.20 
9.842   1.50   -0.05   106.20 
9.852   1.50   -0.05   106.20 
9.862   1.50   -0.05   106.20 
9.872   1.49   -0.05   107.63 
9.882   1.49   -0.05   107.63 
9.892   1.49   -0.05   107.63 
9.902   1.49   -0.05   107.63 
9.912   1.49   -0.05   108.61 
9.922   1.49   -0.05   108.61 
9.932   1.49   -0.05   109.09 
9.942   1.49   -0.05   109.09 
9.952   1.49   -0.05   109.52 
9.962   1.49   -0.05   109.52 
9.972   1.49   -0.05   109.52 
9.982   1.49   -0.05   109.52 
9.992   1.49   -0.05   110.54 
10.002   1.49   -0.05   110.54 
10.012   1.49   -0.05   110.54 
10.022   1.49   -0.05   110.54 
10.032   1.49   -0.05   111.46 
10.042   1.49   -0.05   111.46 
10.052   1.49   -0.05   111.46 
10.062   1.49   -0.05   111.46 
10.072   1.49   -0.05   111.46 
10.082   1.49   -0.05   112.45 
10.092   1.49   -0.05   112.45 
10.102   1.49   -0.05   112.45 
10.112   1.49   -0.05   112.45 
10.122   1.49   -0.05   113.41 
10.132   1.49   -0.05   113.41 
10.142   1.49   -0.05   113.41 
10.152   1.49   -0.05   113.41 
10.162   1.49   -0.05   113.41 
10.172   1.49   -0.05   114.31 
10.182   1.49   -0.05   114.31 
10.192   1.49   -0.05   114.31 
10.202   1.49   -0.05   114.31 
10.212   1.49   -0.05   115.69 
10.222   1.49   -0.05   115.69 
10.232   1.49   -0.05   115.69 
10.242   1.49   -0.05   115.69 
10.252   1.49   -0.05   116.92 
10.262   1.49   -0.05   116.92 
10.272   1.49   -0.05   117.39 
10.282   1.49   -0.05   117.39 
10.292   1.49   -0.05   117.85 
10.302   1.49   -0.05   117.85 
10.312   1.49   -0.05   117.85 
10.322   1.49   -0.05   117.85 
10.332   1.49   -0.05   118.79 
10.342   1.49   -0.05   118.79 
10.352   1.49   -0.05   118.79 
10.362   1.49   -0.05   118.79 
10.372   1.49   -0.04   119.76 
10.382   1.49   -0.04   119.76 
10.392   1.49   -0.04   119.76 
10.402   1.49   -0.04   119.76 
10.412   1.49   -0.04   119.76 
10.422   1.49   -0.04   120.67 
10.432   1.49   -0.04   120.67 
10.442   1.49   -0.04   120.67 
10.452   1.49   -0.04   120.67 
10.462   1.49   -0.04   121.54 
10.472   1.49   -0.04   121.54 
10.482   1.49   -0.04   121.54 
10.492   1.49   -0.04   121.54 
10.502   1.49   -0.04   121.54 
10.512   1.49   -0.04   122.71 
10.522   1.49   -0.04   122.71 
10.532   1.49   -0.04   122.71 
10.542   1.49   -0.04   122.71 
10.552   1.49   -0.04   124.23 
10.562   1.49   -0.04   124.23 
10.572   1.49   -0.04   124.23 
10.582   1.49   -0.04   124.23 
10.592   1.49   -0.04   125.13 
10.602   1.49   -0.04   125.13 
10.612   1.49   -0.04   125.56 
10.622   1.49   -0.04   125.56 
10.632   1.49   -0.04   126.00 
10.642   1.49   -0.04   126.00 
10.652   1.49   -0.04   126.00 
10.662   1.49   -0.04   126.00 
10.672   1.49   -0.04   126.94 
10.682   1.49   -0.04   126.94 
10.692   1.49   -0.04   126.94 
10.702   1.49   -0.04   126.94 
10.712   1.49   -0.04   128.18 
10.722   1.49   -0.04   128.18 
10.732   1.49   -0.04   128.18 
10.742   1.49   -0.04   128.18 
10.752   1.49   -0.04   128.18 
10.762   1.49   -0.04   129.10 
10.772   1.49   -0.04   129.10 
10.782   1.49   -0.04   129.10 
10.792   1.49   -0.04   129.10 
10.802   1.49   -0.04   129.99 
10.812   1.49   -0.04   129.99 
10.822   1.49   -0.04   129.99 
10.832   1.49   -0.04   129.99 
10.842   1.49   -0.04   129.99 
10.852   1.49   -0.04   131.38 
10.862   1.49   -0.04   131.38 
10.872   1.49   -0.04   131.38 
10.882   1.49   -0.04   131.38 
10.892   1.49   -0.04   132.30 
10.902   1.49   -0.04   132.30 
10.912   1.49   -0.04   132.75 
10.922   1.49   -0.04   132.75 
10.932   1.49   -0.04   133.19 
10.942   1.49   -0.04   133.19 
10.952   1.49   -0.04   133.19 
10.962   1.49   -0.04   133.19 
10.972   1.49   -0.04   134.39 
10.982   1.49   -0.04   134.39 
10.992   1.49   -0.04   134.39 
11.002   1.49   -0.04   134.39 
11.012   1.49   -0.04   135.36 
11.022   1.49   -0.04   135.36 
11.032   1.49   -0.04   135.36 
11.042   1.49   -0.04   135.36 
11.052   1.49   -0.04   136.23 
11.062   1.49   -0.04   136.23 
11.072   1.49   -0.04   136.23 
11.082   1.49   -0.04   136.23 
11.092   1.49   -0.04   136.23 
11.102   1.49   -0.04   137.08 
11.112   1.49   -0.04   137.08 
11.122   1.49   -0.04   137.08 
11.132   1.49   -0.04   137.08 
11.142   1.49   -0.04   138.01 
11.152   1.49   -0.04   138.01 
11.162   1.49   -0.04   138.01 
11.172   1.49   -0.04   138.01 
11.182   1.49   -0.04   138.01 
11.192   1.49   -0.04   139.79 
11.202   1.49   -0.04   139.79 
11.212   1.49   -0.04   139.79 
11.222   1.49   -0.04   139.79 
11.232   1.49   -0.04   140.67 
11.242   1.49   -0.04   141.10 
11.252   1.49   -0.04   141.10 
11.262   1.49   -0.04   141.10 
11.272   1.49   -0.04   141.55 
11.282   1.49   -0.04   141.55 
11.292   1.49   -0.04   141.55 
11.302   1.49   -0.04   141.55 
11.312   1.49   -0.04   142.55 
11.322   1.49   -0.04   142.55 
11.332   1.49   -0.04   142.55 
11.342   1.49   -0.04   142.55 
11.352   1.49   -0.04   143.56 
11.362   1.49   -0.04   143.56 
11.372   1.49   -0.04   143.56 
11.382   1.49   -0.04   143.56 
11.392   1.49   -0.04   144.48 
11.402   1.49   -0.04   144.48 
11.412   1.49   -0.04   144.48 
11.422   1.49   -0.04   144.48 
11.432   1.49   -0.04   144.48 
11.442   1.49   -0.04   145.59 
11.452   1.49   -0.04   145.59 
11.462   1.49   -0.04   145.59 
11.472   1.49   -0.04   145.59 
11.482   1.49   -0.04   146.58 
11.492   1.49   -0.04   146.58 
11.502   1.49   -0.04   146.58 
11.512   1.49   -0.04   146.58 
11.522   1.49   -0.04   146.58 
11.532   1.49   -0.04   148.09 
11.542   1.49   -0.04   148.09 
11.552   1.49   -0.04   148.09 
11.562   1.49   -0.04   148.09 
11.572   1.49   -0.04   149.01 
11.582   1.49   -0.04   149.47 
11.592   1.49   -0.04   149.47 
11.602   1.49   -0.04   149.93 
11.612   1.49   -0.04   149.93 
11.622   1.49   -0.04   149.93 
11.632   1.49   -0.04   149.93 
11.642   1.49   -0.04   149.93 
11.652   1.49   -0.04   151.14 
11.662   1.49   -0.04   151.14 
11.672   1.49   -0.04   151.14 
11.682   1.49   -0.04   151.14 
11.692   1.49   -0.04   152.06 
11.702   1.49   -0.04   152.06 
11.712   1.49   -0.04   152.06 
11.722   1.49   -0.04   152.06 
11.732   1.49   -0.04   152.97 
11.742   1.49   -0.04   152.97 
11.752   1.49   -0.04   152.97 
11.762   1.49   -0.04   152.97 
11.772   1.49   -0.04   152.97 
11.782   1.49   -0.04   153.97 
11.792   1.49   -0.04   153.97 
11.802   1.49   -0.04   153.97 
11.812   1.49   -0.04   153.97 
11.822   1.49   -0.04   155.00 
11.832   1.49   -0.04   155.00 
11.842   1.49   -0.04   155.00 
11.852   1.49   -0.04   155.00 
11.862   1.49   -0.04   155.00 
11.872   1.49   -0.04   156.39 
11.882   1.49   -0.04   156.39 
11.892   1.49   -0.04   156.39 
11.902   1.49   -0.04   156.39 
11.912   1.49   -0.04   157.57 
11.922   1.49   -0.04   158.09 
11.932   1.49   -0.04   158.09 
11.942   1.49   -0.04   158.61 
11.952   1.49   -0.04   158.61 
11.962   1.49   -0.04   158.61 
11.972   1.49   -0.04   158.61 
11.982   1.49   -0.04   158.61 
11.992   1.49   -0.04   159.59 
12.002   1.49   -0.04   159.59 
12.012   1.49   -0.04   159.59 
12.022   1.49   -0.04   159.59 
12.032   1.49   -0.04   160.46 
12.042   1.49   -0.04   160.46 
12.052   1.49   -0.04   160.46 
12.062   1.49   -0.04   160.46 
12.072   1.49   -0.04   161.35 
12.082   1.49   -0.04   161.35 
12.092   1.49   -0.04   161.35 
12.102   1.49   -0.04   161.35 
12.112   1.49   -0.04   161.35 
12.122   1.49   -0.04   162.33 
12.132   1.49   -0.04   162.33 
12.142   1.49   -0.04   162.33 
12.152   1.49   -0.04   162.33 
12.162   1.48   -0.04   163.60 
12.172   1.48   -0.04   163.60 
12.182   1.48   -0.04   163.60 
12.192   1.48   -0.04   163.60 
12.202   1.48   -0.04   163.60 
12.212   1.48   -0.04   165.01 
12.222   1.48   -0.04   165.01 
12.232   1.48   -0.04   165.01 
12.242   1.48   -0.04   165.01 
12.252   1.48   -0.04   165.96 
12.262   1.48   -0.04   166.46 
12.272   1.48   -0.04   166.46 
12.282   1.48   -0.04   166.96 
12.292   1.48   -0.04   166.96 
12.302   1.48   -0.04   166.96 
12.312   1.48   -0.04   166.96 
12.322   1.48   -0.04   166.96 
12.332   1.48   -0.04   167.91 
12.342   1.48   -0.04   167.91 
12.352   1.48   -0.04   167.91 
12.362   1.48   -0.04   167.91 
12.372   1.48   -0.04   169.09 
12.382   1.48   -0.04   169.09 
12.392   1.48   -0.04   169.09 
12.402   1.48   -0.04   169.09 
12.412   1.48   -0.04   170.03 
12.422   1.48   -0.04   170.03 
12.432   1.48   -0.04   170.03 
12.442   1.48   -0.04   170.03 
12.452   1.48   -0.04   170.03 
12.462   1.48   -0.04   170.96 
12.472   1.48   -0.04   170.96 
12.482   1.48   -0.04   170.96 
12.492   1.48   -0.04   170.96 
12.502   1.48   -0.04   171.85 
12.512   1.48   -0.04   171.85 
12.522   1.48   -0.04   171.85 
12.532   1.48   -0.04   171.85 
12.542   1.48   -0.04   171.85 
12.552   1.48   -0.04   173.30 
12.562   1.48   -0.04   173.30 
12.572   1.48   -0.04   173.30 
12.582   1.48   -0.04   173.30 
12.592   1.48   -0.04   174.61 
12.602   1.48   -0.04   175.12 
12.612   1.48   -0.04   175.12 
12.622   1.48   -0.04   175.59 
12.632   1.48   -0.04   175.59 
12.642   1.48   -0.04   175.59 
12.652   1.48   -0.04   175.59 
12.662   1.48   -0.04   175.59 
12.672   1.48   -0.04   176.52 
12.682   1.48   -0.04   176.52 
12.692   1.48   -0.04   176.52 
12.702   1.48   -0.04   176.52 
12.712   1.46   -0.04   177.49 
12.722   1.46   -0.04   177.49 
12.732   1.46   -0.04   177.49 
12.742   1.46   -0.04   177.49 
12.752   1.44   -0.04   178.32 
12.762   1.44   -0.04   178.32 
12.772   1.44   -0.04   178.32 
12.782   1.44   -0.04   178.32 
12.792   1.44   -0.04   178.32 
12.802   1.43   -0.04   178.75 
12.812   1.43   -0.04   178.75 
12.822   1.43   -0.04   178.75 
12.832   1.43   -0.04   178.75 
12.842   1.41   -0.03   179.09 
12.852   1.41   -0.03   179.09 
12.862   1.41   -0.03   179.09 
12.872   1.41   -0.03   179.09 
12.882   1.41   -0.03   179.09 
12.892   1.39   -0.03   179.12 
12.902   1.39   -0.03   179.12 
12.912   1.39   -0.03   179.12 
12.922   1.39   -0.03   179.12 
12.932   1.37   -0.03   179.17 
12.942   1.36   -0.03   179.22 
12.952   1.36   -0.03   179.22 
12.962   1.35   -0.03   179.27 
12.972   1.35   -0.03   179.27 
12.982   1.35   -0.03   179.27 
12.992   1.35   -0.03   179.27 
13.002   1.35   -0.03   179.27 
13.012   1.34   -0.03   179.45 
13.022   1.34   -0.03   179.45 
13.032   1.34   -0.03   179.45 
13.042   1.34   -0.03   179.45 
13.052   1.32   -0.03   179.53 
13.062   1.32   -0.03   179.53 
13.072   1.32   -0.03   179.53 
13.082   1.32   -0.03   179.53 
13.092   1.30   -0.03   179.58 
13.102   1.30   -0.03   179.58 
13.112   1.30   -0.03   179.58 
13.122   1.30   -0.03   179.58 
13.132   1.30   -0.03   179.58 
13.142   1.29   -0.03   179.74 
13.152   1.29   -0.03   179.74 
13.162   1.29   -0.03   179.74 
13.172   1.29   -0.03   179.74 
13.182   1.27   -0.03   179.95 
13.192   1.27   -0.03   179.95 
13.202   1.27   -0.03   179.95 
13.212   1.27   -0.03   179.95 
13.222   1.27   -0.03   179.95 
13.232   1.24   -0.03   180.19 
13.242   1.24   -0.03   180.19 
13.252   1.24   -0.03   180.19 
13.262   1.24   -0.03   180.19 
13.272   1.23   -0.03   180.26 
13.282   1.22   -0.03   180.28 
13.292   1.22   -0.03   180.28 
13.302   1.21   -0.03   180.36 
13.312   1.21   -0.03   180.36 
13.322   1.21   -0.03   180.36 
13.332   1.21   -0.03   180.36 
13.342   1.21   -0.03   180.36 
13.352   1.19   -0.03   180.53 
13.362   1.19   -0.03   180.53 
13.372   1.19   -0.03   180.53 
13.382   1.19   -0.03   180.53 
13.392   1.18   -0.03   180.65 
13.402   1.18   -0.03   180.65 
13.412   1.18   -0.03   180.65 
13.422   1.18   -0.03   180.65 
13.432   1.16   -0.03   180.71 
13.442   1.16   -0.03   180.71 
13.452   1.16   -0.03   180.71 
13.462   1.16   -0.03   180.71 
13.472   1.16   -0.03   180.71 
13.482   1.14   -0.03   180.79 
13.492   1.14   -0.03   180.79 
13.502   1.14   -0.03   180.79 
13.512   1.14   -0.03   180.79 
13.522   1.13   -0.03   180.91 
13.532   1.13   -0.03   180.91 
13.542   1.13   -0.03   180.91 
13.552   1.13   -0.03   180.91 
13.562   1.13   -0.03   180.91 
13.572   1.10   -0.03   181.14 
13.582   1.10   -0.03   181.14 
13.592   1.10   -0.03   181.14 
13.602   1.10   -0.03   181.14 
13.612   1.08   -0.04   181.26 
13.622   1.07   -0.04   181.32 
13.632   1.07   -0.04   181.32 
13.642   1.07   -0.04   181.37 
13.652   1.07   -0.04   181.37 
13.662   1.07   -0.04   181.37 
13.672   1.07   -0.04   181.37 
13.682   1.07   -0.04   181.37 
13.692   1.05   -0.04   181.47 
13.702   1.05   -0.04   181.47 
13.712   1.05   -0.04   181.47 
13.722   1.05   -0.04   181.47 
13.732   1.03   -0.04   181.60 
13.742   1.03   -0.04   181.60 
13.752   1.03   -0.04   181.60 
13.762   1.03   -0.04   181.60 
13.772   1.01   -0.04   181.69 
13.782   1.01   -0.04   181.69 
13.792   1.01   -0.04   181.69 
13.802   1.01   -0.04   181.69 
13.812   1.01   -0.04   181.69 
13.822   1.00   -0.04   181.82 
13.832   1.00   -0.04   181.82 
13.842   1.00   -0.04   181.82 
13.852   1.00   -0.04   181.82 
13.862   0.98   -0.04   181.91 
13.872   0.98   -0.04   181.91 
13.882   0.98   -0.04   181.91 
13.892   0.98   -0.04   181.91 
13.902   0.98   -0.04   181.91 
13.912   0.95   -0.04   181.98 
13.922   0.95   -0.04   181.98 
13.932   0.95   -0.04   181.98 
13.942   0.95   -0.04   181.98 
13.952   0.94   -0.04   182.01 
13.962   0.93   -0.04   182.02 
13.972   0.93   -0.04   182.02 
13.982   0.92   -0.04   182.05 
13.992   0.92   -0.04   182.05 
14.002   0.92   -0.04   182.05 
14.012   0.92   -0.04   182.05 
14.022   0.92   -0.04   182.05 
14.032   0.90   -0.04   182.11 
14.042   0.90   -0.04   182.11 
14.052   0.90   -0.04   182.11 
14.062   0.90   -0.04   182.11 
14.072   0.88   -0.04   182.17 
14.082   0.88   -0.04   182.17 
14.117   0.87   -0.04   182.23 
14.127   0.87   -0.04   182.23 
14.137   0.87   -0.04   182.23 
14.147   0.87   -0.04   182.23 
14.157   0.85   -0.04   182.30 
14.167   0.85   -0.04   182.30 
14.177   0.85   -0.04   182.30 
14.187   0.85   -0.04   182.30 
14.197   0.85   -0.04   182.30 
14.207   0.82   -0.04   182.44 
14.217   0.82   -0.04   182.44 
14.227   0.82   -0.04   182.44 
14.237   0.82   -0.04   182.44 
14.247   0.81   -0.04   182.55 
14.257   0.81   -0.04   182.55 
14.267   0.80   -0.04   182.58 
14.277   0.80   -0.04   182.58 
14.287   0.79   -0.05   182.61 
14.297   0.79   -0.05   182.61 
14.307   0.79   -0.05   182.61 
14.317   0.79   -0.05   182.61 
14.327   0.77   -0.05   182.65 
14.337   0.77   -0.05   182.65 
14.347   0.77   -0.05   182.65 
14.357   0.77   -0.05   182.65 
14.367   0.75   -0.05   182.69 
14.377   0.75   -0.05   182.69 
14.387   0.75   -0.05   182.69 
14.397   0.75   -0.05   182.69 
14.407   0.74   -0.05   182.75 
14.417   0.74   -0.05   182.75 
14.427   0.74   -0.05   182.75 
14.437   0.74   -0.05   182.75 
14.447   0.74   -0.05   182.75 
14.457   0.72   -0.05   182.82 
14.467   0.72   -0.05   182.82 
14.477   0.72   -0.05   182.82 
14.487   0.72   -0.05   182.82 
14.497   0.70   -0.05   182.92 
14.507   0.70   -0.05   182.92 
14.517   0.70   -0.05   182.92 
14.527   0.70   -0.05   182.92 
14.537   0.70   -0.05   182.92 
14.547   0.67   -0.05   183.07 
14.557   0.67   -0.05   183.07 
14.567   0.67   -0.05   183.07 
14.577   0.67   -0.05   183.07 
14.587   0.66   -0.05   183.16 
14.597   0.66   -0.05   183.16 
14.607   0.65   -0.05   183.19 
14.617   0.65   -0.05   183.19 
14.627   0.64   -0.05   183.22 
14.637   0.64   -0.05   183.22 
14.647   0.64   -0.05   183.22 
14.657   0.64   -0.05   183.22 
14.667   0.62   -0.05   183.29 
14.677   0.62   -0.05   183.29 
14.687   0.62   -0.05   183.29 
14.697   0.62   -0.05   183.29 
14.707   0.60   -0.05   183.41 
14.717   0.60   -0.05   183.41 
14.727   0.60   -0.05   183.41 
14.737   0.60   -0.05   183.41 
14.747   0.59   -0.06   183.58 
14.757   0.59   -0.06   183.58 
14.767   0.59   -0.06   183.58 
14.777   0.59   -0.06   183.58 
14.787   0.59   -0.06   183.58 
14.797   0.57   -0.06   183.67 
14.807   0.57   -0.06   183.67 
14.817   0.57   -0.06   183.67 
14.827   0.57   -0.06   183.67 
14.837   0.55   -0.06   183.72 
14.847   0.55   -0.06   183.72 
14.857   0.55   -0.06   183.72 
14.867   0.55   -0.06   183.72 
14.877   0.55   -0.06   183.72 
14.887   0.53   -0.06   183.79 
14.897   0.53   -0.06   183.79 
14.907   0.53   -0.06   183.79 
14.917   0.53   -0.06   183.79 
14.927   0.51   -0.06   183.88 
14.937   0.51   -0.06   183.88 
14.947   0.50   -0.06   183.94 
14.957   0.50   -0.06   183.94 
14.967   0.49   -0.06   184.03 
14.977   0.49   -0.06   184.03 
14.987   0.49   -0.06   184.03 
14.997   0.49   -0.06   184.03 
15.007   0.47   -0.06   184.11 
15.017   0.47   -0.06   184.11 
15.027   0.47   -0.06   184.11 
15.037   0.47   -0.06   184.11 
15.047   0.45   -0.06   184.17 
15.057   0.45   -0.06   184.17 
15.067   0.45   -0.06   184.17 
15.077   0.45   -0.06   184.17 
15.087   0.44   -0.07   184.22 
15.097   0.44   -0.07   184.22 
15.107   0.44   -0.07   184.22 
15.117   0.44   -0.07   184.22 
15.127   0.44   -0.07   184.22 
15.137   0.42   -0.07   184.27 
15.147   0.42   -0.07   184.27 
15.157   0.42   -0.07   184.27 
15.167   0.42   -0.07   184.27 
15.177   0.40   -0.07   184.35 
15.187   0.40   -0.07   184.35 
15.197   0.40   -0.07   184.35 
15.207   0.40   -0.07   184.35 
15.217   0.40   -0.07   184.35 
15.227   0.38   -0.07   184.46 
15.237   0.38   -0.07   184.46 
15.247   0.38   -0.07   184.46 
15.257   0.38   -0.07   184.46 
15.267   0.36   -0.07   184.56 
15.277   0.35   -0.07   184.60 
15.287   0.35   -0.07   184.60 
15.297   0.34   -0.07   184.64 
15.307   0.34   -0.07   184.64 
15.317   0.34   -0.07   184.64 
15.327   0.34   -0.07   184.64 
15.337   0.34   -0.07   184.64 
15.347   0.32   -0.07   184.72 
15.357   0.32   -0.07   184.72 
15.367   0.32   -0.07   184.72 
15.377   0.32   -0.07   184.72 
15.387   0.30   -0.08   184.80 
15.397   0.30   -0.08   184.80 
15.407   0.30   -0.08   184.80 
15.417   0.30   -0.08   184.80 
15.427   0.29   -0.08   184.88 
15.437   0.29   -0.08   184.88 
15.447   0.29   -0.08   184.88 
15.457   0.29   -0.08   184.88 
15.467   0.29   -0.08   184.88 
15.477   0.27   -0.08   184.97 
15.487   0.27   -0.08   184.97 
15.497   0.27   -0.08   184.97 
15.507   0.27   -0.08   184.97 
15.517   0.25   -0.08   185.02 
15.527   0.25   -0.08   185.02 
15.537   0.25   -0.08   185.02 
15.547   0.25   -0.08   185.02 
15.557   0.25   -0.08   185.02 
15.567   0.22   -0.08   185.12 
15.577   0.22   -0.08   185.12 
15.587   0.22   -0.08   185.12 
15.597   0.22   -0.08   185.12 
15.607   0.21   -0.08   185.25 
15.617   0.20   -0.09   185.33 
15.627   0.20   -0.09   185.33 
15.637   0.19   -0.09   185.40 
15.647   0.19   -0.09   185.40 
15.657   0.19   -0.09   185.40 
15.667   0.19   -0.09   185.40 
15.677   0.19   -0.09   185.40 
15.687   0.17   -0.09   185.51 
15.697   0.17   -0.09   185.51 
15.707   0.17   -0.09   185.51 
15.717   0.17   -0.09   185.51 
15.727   0.15   -0.09   185.58 
15.737   0.15   -0.09   185.58 
15.747   0.15   -0.09   185.58 
15.757   0.15   -0.09   185.58 
15.767   0.14   -0.09   185.65 
15.777   0.14   -0.09   185.65 
15.787   0.14   -0.09   185.65 
15.797   0.14   -0.09   185.65 
15.807   0.14   -0.09   185.65 
15.817   0.12   -0.09   185.73 
15.827   0.12   -0.09   185.73 
15.837   0.12   -0.09   185.73 
15.847   0.12   -0.09   185.73 
15.857   0.10   -0.10   185.77 
15.867   0.10   -0.10   185.77 
15.877   0.10   -0.10   185.77 
15.887   0.10   -0.10   185.77 
15.897   0.10   -0.10   185.77 
15.907   0.07   -0.10   185.82 
15.917   0.07   -0.10   185.82 
15.927   0.07   -0.10   185.82 
15.937   0.07   -0.10   185.82 
15.947   0.05   -0.10   185.90 
15.957   0.05   -0.10   185.94 
15.967   0.05   -0.10   185.94 
15.977   0.04   -0.10   185.98 
15.987   0.04   -0.10   185.98 
15.997   0.04   -0.10   185.98 
16.007   0.04   -0.10   185.98 
16.017   0.04   -0.10   185.98 
16.027   0.02   -0.10   186.06 
16.037   0.02   -0.10   186.06 
16.047   0.02   -0.10   186.06 
16.057   0.02   -0.10   186.06 
16.067   0.00   -0.11   186.12 
16.077   0.00   -0.11   186.12 
16.087   0.00   -0.11   186.12 
16.097   0.00   -0.11   186.12 
16.107   -0.02   -0.11   186.20 
16.117   -0.02   -0.11   186.20 
16.127   -0.02   -0.11   186.20 
16.137   -0.02   -0.11   186.20 
16.147   -0.02   -0.11   186.20 
16.157   -0.04   -0.11   186.31 
16.167   -0.04   -0.11   186.31 
16.177   -0.04   -0.11   186.31 
16.187   -0.04   -0.11   186.31 
16.197   -0.05   -0.11   186.38 
16.207   -0.05   -0.11   186.38 
16.217   -0.05   -0.11   186.38 
16.227   -0.05   -0.11   186.38 
16.237   -0.05   -0.11   186.38 
16.247   -0.08   -0.11   186.51 
16.257   -0.08   -0.11   186.51 
16.267   -0.08   -0.11   186.51 
16.277   -0.08   -0.11   186.51 
16.287   -0.10   -0.12   186.59 
16.297   -0.11   -0.12   186.61 
16.307   -0.11   -0.12   186.61 
16.317   -0.12   -0.12   186.62 
16.327   -0.12   -0.12   186.62 
16.337   -0.12   -0.12   186.62 
16.347   -0.12   -0.12   186.62 
16.357   -0.12   -0.12   186.62 
16.367   -0.13   -0.12   186.63 
16.377   -0.13   -0.12   186.63 
16.387   -0.13   -0.12   186.63 
16.397   -0.13   -0.12   186.63 
16.407   -0.15   -0.12   186.69 
16.417   -0.15   -0.12   186.69 
16.427   -0.15   -0.12   186.69 
16.437   -0.15   -0.12   186.69 
16.447   -0.17   -0.12   186.82 
16.457   -0.17   -0.12   186.82 
16.467   -0.17   -0.12   186.82 
16.477   -0.17   -0.12   186.82 
16.487   -0.17   -0.12   186.82 
16.497   -0.19   -0.13   186.95 
16.507   -0.19   -0.13   186.95 
16.517   -0.19   -0.13   186.95 
16.527   -0.19   -0.13   186.95 
16.537   -0.22   -0.13   187.06 
16.547   -0.22   -0.13   187.06 
16.557   -0.22   -0.13   187.06 
16.567   -0.22   -0.13   187.06 
16.577   -0.22   -0.13   187.06 
16.587   -0.23   -0.13   187.11 
16.597   -0.24   -0.13   187.14 
16.607   -0.24   -0.13   187.14 
16.617   -0.25   -0.13   187.17 
16.627   -0.25   -0.13   187.17 
16.637   -0.25   -0.13   187.17 
16.647   -0.25   -0.13   187.17 
16.657   -0.25   -0.13   187.17 
16.667   -0.27   -0.14   187.20 
16.677   -0.27   -0.14   187.20 
16.687   -0.27   -0.14   187.20 
16.697   -0.27   -0.14   187.20 
16.707   -0.29   -0.14   187.22 
16.717   -0.29   -0.14   187.22 
16.727   -0.29   -0.14   187.22 
16.737   -0.29   -0.14   187.22 
16.747   -0.31   -0.14   187.30 
16.757   -0.31   -0.14   187.30 
16.767   -0.31   -0.14   187.30 
16.777   -0.31   -0.14   187.30 
16.787   -0.31   -0.14   187.30 
16.797   -0.32   -0.14   187.36 
16.807   -0.32   -0.14   187.36 
16.817   -0.32   -0.14   187.36 
16.827   -0.32   -0.14   187.36 
16.837   -0.35   -0.15   187.38 
16.847   -0.35   -0.15   187.38 
16.857   -0.35   -0.15   187.38 
16.867   -0.35   -0.15   187.38 
16.877   -0.35   -0.15   187.38 
16.887   -0.37   -0.15   187.41 
16.897   -0.38   -0.15   187.45 
16.907   -0.38   -0.15   187.45 
16.917   -0.39   -0.15   187.49 
16.927   -0.39   -0.15   187.49 
16.937   -0.39   -0.15   187.49 
16.947   -0.39   -0.15   187.49 
16.957   -0.41   -0.15   187.59 
16.967   -0.41   -0.15   187.59 
16.977   -0.41   -0.15   187.59 
16.987   -0.41   -0.15   187.59 
16.997   -0.41   -0.15   187.59 
17.007   -0.42   -0.16   187.65 
17.017   -0.42   -0.16   187.65 
17.027   -0.42   -0.16   187.65 
17.037   -0.42   -0.16   187.65 
17.047   -0.44   -0.16   187.63 
17.057   -0.44   -0.16   187.63 
17.067   -0.44   -0.16   187.63 
17.077   -0.44   -0.16   187.63 
17.087   -0.46   -0.16   187.66 
17.097   -0.46   -0.16   187.66 
17.107   -0.46   -0.16   187.66 
17.117   -0.46   -0.16   187.66 
17.127   -0.46   -0.16   187.66 
17.137   -0.48   -0.16   187.73 
17.147   -0.48   -0.16   187.73 
17.157   -0.48   -0.16   187.73 
17.167   -0.48   -0.16   187.73 
17.177   -0.51   -0.17   187.80 
17.187   -0.51   -0.17   187.80 
17.197   -0.51   -0.17   187.80 
17.207   -0.51   -0.17   187.80 
17.217   -0.51   -0.17   187.80 
17.227   -0.52   -0.17   187.85 
17.237   -0.53   -0.17   187.87 
17.247   -0.53   -0.17   187.87 
17.257   -0.54   -0.17   187.88 
17.267   -0.54   -0.17   187.88 
17.277   -0.54   -0.17   187.88 
17.287   -0.54   -0.17   187.88 
17.297   -0.56   -0.18   187.89 
17.307   -0.56   -0.18   187.89 
17.317   -0.56   -0.18   187.89 
17.327   -0.56   -0.18   187.89 
17.337   -0.56   -0.18   187.89 
17.347   -0.58   -0.18   187.89 
17.357   -0.58   -0.18   187.89 
17.367   -0.58   -0.18   187.89 
17.377   -0.58   -0.18   187.89 
17.387   -0.60   -0.18   187.89 
17.397   -0.60   -0.18   187.89 
17.407   -0.60   -0.18   187.89 
17.417   -0.60   -0.18   187.89 
17.427   -0.61   -0.18   187.92 
17.437   -0.61   -0.18   187.92 
17.447   -0.61   -0.18   187.92 
17.457   -0.61   -0.18   187.92 
17.467   -0.61   -0.18   187.92 
17.477   -0.63   -0.19   187.99 
17.487   -0.63   -0.19   187.99 
17.497   -0.63   -0.19   187.99 
17.507   -0.63   -0.19   187.99 
17.517   -0.66   -0.19   188.09 
17.527   -0.66   -0.19   188.09 
17.537   -0.66   -0.19   188.09 
17.547   -0.66   -0.19   188.09 
17.557   -0.66   -0.19   188.09 
17.567   -0.68   -0.19   188.12 
17.577   -0.69   -0.19   188.14 
17.587   -0.69   -0.19   188.14 
17.597   -0.70   -0.19   188.16 
17.607   -0.70   -0.19   188.16 
17.617   -0.70   -0.19   188.16 
17.627   -0.70   -0.19   188.16 
17.637   -0.72   -0.20   188.20 
17.647   -0.72   -0.20   188.20 
17.657   -0.72   -0.20   188.20 
17.667   -0.72   -0.20   188.20 
17.677   -0.72   -0.20   188.20 
17.687   -0.73   -0.20   188.23 
17.697   -0.73   -0.20   188.23 
17.707   -0.73   -0.20   188.23 
17.717   -0.73   -0.20   188.23 
17.727   -0.75   -0.20   188.24 
17.737   -0.75   -0.20   188.24 
17.747   -0.75   -0.20   188.24 
17.757   -0.75   -0.20   188.24 
17.767   -0.77   -0.21   188.26 
17.777   -0.77   -0.21   188.26 
17.787   -0.77   -0.21   188.26 
17.797   -0.77   -0.21   188.26 
17.807   -0.77   -0.21   188.26 
17.817   -0.79   -0.21   188.26 
17.827   -0.79   -0.21   188.26 
17.837   -0.79   -0.21   188.26 
17.847   -0.79   -0.21   188.26 
17.857   -0.82   -0.21   188.31 
17.867   -0.82   -0.21   188.31 
17.877   -0.82   -0.21   188.31 
17.887   -0.82   -0.21   188.31 
17.897   -0.82   -0.21   188.31 
17.907   -0.83   -0.21   188.33 
17.917   -0.84   -0.22   188.35 
17.927   -0.84   -0.22   188.35 
17.937   -0.85   -0.22   188.39 
17.947   -0.85   -0.22   188.39 
17.957   -0.85   -0.22   188.39 
17.967   -0.85   -0.22   188.39 
17.977   -0.87   -0.22   188.44 
17.987   -0.87   -0.22   188.44 
17.997   -0.87   -0.22   188.44 
18.007   -0.87   -0.22   188.44 
18.017   -0.87   -0.22   188.44 
18.027   -0.89   -0.22   188.49 
18.037   -0.89   -0.22   188.49 
18.047   -0.89   -0.22   188.49 
18.057   -0.89   -0.22   188.49 
18.067   -0.91   -0.23   188.53 
18.077   -0.91   -0.23   188.53 
18.087   -0.91   -0.23   188.53 
18.097   -0.91   -0.23   188.53 
18.107   -0.93   -0.23   188.56 
18.117   -0.93   -0.23   188.56 
18.127   -0.93   -0.23   188.56 
18.137   -0.93   -0.23   188.56 
18.147   -0.93   -0.23   188.56 
18.157   -0.94   -0.23   188.59 
18.167   -0.94   -0.23   188.59 
18.177   -0.94   -0.23   188.59 
18.187   -0.94   -0.23   188.59 
18.197   -0.97   -0.24   188.61 
18.207   -0.97   -0.24   188.61 
18.217   -0.97   -0.24   188.61 
18.227   -0.97   -0.24   188.61 
18.237   -0.97   -0.24   188.61 
18.247   -0.99   -0.24   188.60 
18.257   -1.00   -0.24   188.61 
18.267   -1.00   -0.24   188.61 
18.277   -1.01   -0.24   188.64 
18.287   -1.01   -0.24   188.64 
18.297   -1.01   -0.24   188.64 
18.307   -1.01   -0.24   188.64 
18.317   -1.03   -0.24   188.69 
18.327   -1.03   -0.24   188.69 
18.337   -1.03   -0.24   188.69 
18.347   -1.03   -0.24   188.69 
18.357   -1.03   -0.24   188.69 
18.367   -1.05   -0.25   188.72 
18.377   -1.05   -0.25   188.72 
18.387   -1.05   -0.25   188.72 
18.397   -1.05   -0.25   188.72 
18.407   -1.06   -0.25   188.73 
18.417   -1.06   -0.25   188.73 
18.427   -1.06   -0.25   188.73 
18.437   -1.06   -0.25   188.73 
18.447   -1.08   -0.25   188.74 
18.457   -1.08   -0.25   188.74 
18.467   -1.08   -0.25   188.74 
18.477   -1.08   -0.25   188.74 
18.487   -1.08   -0.25   188.74 
18.497   -1.10   -0.25   188.74 
18.507   -1.10   -0.25   188.74 
18.517   -1.10   -0.25   188.74 
18.527   -1.10   -0.25   188.74 
18.537   -1.13   -0.26   188.77 
18.547   -1.13   -0.26   188.77 
18.557   -1.13   -0.26   188.77 
18.567   -1.13   -0.26   188.77 
18.577   -1.13   -0.26   188.77 
18.587   -1.15   -0.26   188.84 
18.597   -1.16   -0.26   188.88 
18.607   -1.16   -0.26   188.88 
18.617   -1.16   -0.26   188.91 
18.627   -1.16   -0.26   188.91 
18.637   -1.16   -0.26   188.91 
18.647   -1.16   -0.26   188.91 
18.657   -1.18   -0.27   188.89 
18.667   -1.18   -0.27   188.89 
18.677   -1.18   -0.27   188.89 
18.687   -1.18   -0.27   188.89 
18.697   -1.18   -0.27   188.89 
18.707   -1.19   -0.27   188.85 
18.717   -1.19   -0.27   188.85 
18.727   -1.19   -0.27   188.85 
18.737   -1.19   -0.27   188.85 
18.747   -1.19   -0.27   188.82 
18.757   -1.19   -0.27   188.82 
18.767   -1.19   -0.27   188.82 
18.777   -1.19   -0.27   188.82 
18.787   -1.19   -0.27   188.78 
18.797   -1.19   -0.27   188.78 
18.807   -1.19   -0.27   188.78 
18.817   -1.19   -0.27   188.78 
18.827   -1.19   -0.27   188.78 
18.837   -1.19   -0.27   188.69 
18.847   -1.19   -0.27   188.69 
18.857   -1.19   -0.27   188.69 
18.867   -1.19   -0.27   188.69 
18.877   -1.19   -0.27   188.52 
18.887   -1.19   -0.27   188.52 
18.897   -1.19   -0.27   188.52 
18.907   -1.19   -0.27   188.52 
18.917   -1.19   -0.27   188.52 
18.927   -1.19   -0.27   188.30 
18.937   -1.19   -0.27   188.28 
18.947   -1.19   -0.27   188.28 
18.957   -1.19   -0.27   188.31 
18.967   -1.19   -0.27   188.31 
18.977   -1.19   -0.27   188.31 
18.987   -1.19   -0.27   188.31 
18.997   -1.19   -0.27   188.30 
19.007   -1.19   -0.27   188.30 
19.017   -1.19   -0.27   188.30 
19.027   -1.19   -0.27   188.30 
19.037   -1.19   -0.27   188.30 
19.047   -1.19   -0.27   188.29 
19.057   -1.19   -0.27   188.29 
19.067   -1.19   -0.27   188.29 
19.077   -1.19   -0.27   188.29 
19.087   -1.19   -0.27   188.26 
19.122   -1.19   -0.27   188.26 
19.132   -1.19   -0.27   188.27 
19.142   -1.19   -0.27   188.27 
19.152   -1.19   -0.27   188.27 
19.162   -1.19   -0.27   188.27 
19.172   -1.19   -0.27   188.25 
19.182   -1.19   -0.27   188.25 
19.192   -1.19   -0.27   188.25 
19.202   -1.19   -0.27   188.25 
19.212   -1.19   -0.27   188.25 
19.222   -1.19   -0.27   188.24 
19.232   -1.19   -0.27   188.24 
19.242   -1.19   -0.27   188.24 
19.252   -1.19   -0.27   188.24 
19.262   -1.19   -0.27   188.26 
19.272   -1.19   -0.27   188.26 
19.282   -1.19   -0.27   188.26 
19.292   -1.19   -0.27   188.26 
19.302   -1.19   -0.27   188.26 
19.312   -1.19   -0.27   188.26 
19.322   -1.19   -0.27   188.26 
19.332   -1.19   -0.27   188.26 
19.342   -1.19   -0.27   188.26 
19.352   -1.19   -0.27   188.26 
19.362   -1.19   -0.27   188.26 
19.372   -1.19   -0.27   188.26 
19.382   -1.19   -0.27   188.24 
19.392   -1.19   -0.27   188.24 
19.402   -1.19   -0.27   188.24 
19.412   -1.19   -0.27   188.24 
19.422   -1.19   -0.27   188.24 
19.432   -1.19   -0.27   188.24 
19.442   -1.19   -0.27   188.24 
19.452   -1.19   -0.27   188.24 
19.462   -1.19   -0.27   188.24 
19.472   -1.19   -0.27   188.24 
19.482   -1.19   -0.27   188.24 
19.492   -1.19   -0.27   188.24 
19.502   -1.19   -0.27   188.24 
19.512   -1.19   -0.27   188.24 
19.522   -1.19   -0.27   188.24 
19.532   -1.19   -0.27   188.24 
19.542   -1.19   -0.27   188.24 
19.552   -1.19   -0.27   188.24 
19.562   -1.19   -0.27   188.24 
19.572   -1.19   -0.27   188.24 
19.582   -1.19   -0.27   188.24 
19.592   -1.19   -0.27   188.24 
19.602   -1.19   -0.27   188.24 
19.612   -1.19   -0.27   188.24 
19.622   -1.19   -0.27   188.24 
19.632   -1.19   -0.27   188.24 
19.642   -1.19   -0.27   188.24 
19.652   -1.19   -0.27   188.24 
19.662   -1.19   -0.27   188.24 
19.672   -1.19   -0.27   188.24 
19.682   -1.19   -0.27   188.24 
19.692   -1.19   -0.27   188.24 
19.702   -1.19   -0.27   188.24 
19.712   -1.19   -0.27   188.24 
19.722   -1.19   -0.27   188.24 
19.732   -1.19   -0.27   188.24 
19.742   -1.19   -0.27   188.24 
19.752   -1.19   -0.27   188.24 
19.762   -1.19   -0.27   188.24 
19.772   -1.19   -0.27   188.24 
19.782   -1.19   -0.27   188.24 
19.792   -1.19   -0.27   188.24 
19.802   -1.19   -0.27   188.24 
19.812   -1.19   -0.27   188.24 
19.822   -1.19   -0.27   188.24 
19.832   -1.19   -0.27   188.24 
19.842   -1.19   -0.27   188.24 
19.852   -1.19   -0.27   188.24 
19.862   -1.19   -0.27   188.24 
19.872   -1.19   -0.27   188.24 
19.882   -1.19   -0.27   188.24 
19.892   -1.19   -0.27   188.24 
19.902   -1.19   -0.27   188.24 
19.912   -1.19   -0.27   188.24 
19.922   -1.19   -0.27   188.24 
19.932   -1.19   -0.27   188.24 
19.942   -1.19   -0.27   188.24 
19.952   -1.19   -0.27   188.24 
19.962   -1.19   -0.27   188.24 
19.972   -1.19   -0.27   188.24 
19.982   -1.19   -0.27   188.24 
19.992   -1.19   -0.27   188.24 
20.002   -1.19   -0.27   188.24 
20.012   -1.19   -0.27   188.24 
20.022   -1.19   -0.27   188.24 
20.032   -1.19   -0.27   188.24 
20.042   -1.19   -0.27   188.24 
20.052   -1.19   -0.27   188.24 
20.062   -1.19   -0.27   188.24 
20.072   -1.19   -0.27   188.24 
20.082   -1.19   -0.27   188.24 
20.092   -1.19   -0.27   188.24 
20.102   -1.19   -0.27   188.24 
20.112   -1.19   -0.27   188.24 
20.122   -1.19   -0.27   188.24 
20.132   -1.19   -0.27   188.24 
20.142   -1.19   -0.27   188.24 
20.152   -1.19   -0.27   188.24 
20.162   -1.19   -0.27   188.24 
20.172   -1.19   -0.27   188.24 
20.182   -1.19   -0.27   188.24 
20.192   -1.19   -0.27   188.24 
20.202   -1.19   -0.27   188.24 
20.212   -1.19   -0.27   188.24 
20.222   -1.19   -0.27   188.24 
20.232   -1.19   -0.27   188.24 
20.242   -1.19   -0.27   188.24 
20.252   -1.19   -0.27   188.24 
20.262   -1.19   -0.27   188.24 
20.272   -1.19   -0.27   188.24 
20.282   -1.19   -0.27   188.24 
20.292   -1.19   -0.27   188.24 
20.302   -1.19   -0.27   188.24 
20.312   -1.19   -0.27   188.24 
20.322   -1.19   -0.27   188.24 
20.332   -1.19   -0.27   188.24 
20.342   -1.19   -0.27   188.24 
20.352   -1.19   -0.27   188.24 
20.362   -1.19   -0.27   188.24 
20.372   -1.19   -0.27   188.24 
20.382   -1.19   -0.27   188.24 
20.392   -1.19   -0.27   188.24 
20.402   -1.19   -0.27   188.24 
20.412   -1.19   -0.27   188.24 
20.422   -1.19   -0.27   188.24 
20.432   -1.19   -0.27   188.24 
20.442   -1.19   -0.27   188.24 
20.452   -1.19   -0.27   188.24 
20.462   -1.19   -0.27   188.24 
20.472   -1.19   -0.27   188.24 
20.482   -1.19   -0.27   188.24 
20.492   -1.19   -0.27   188.24 
20.502   -1.19   -0.27   188.24 
20.512   -1.19   -0.27   188.24 
20.522   -1.19   -0.27   188.24 
20.532   -1.19   -0.27   188.24 
20.542   -1.19   -0.27   188.24 
20.552   -1.19   -0.27   188.24 
20.562   -1.19   -0.27   188.24 
20.572   -1.19   -0.27   188.24 
20.582   -1.19   -0.27   188.24 
20.592   -1.19   -0.27   188.24 
20.602   -1.19   -0.27   188.24 
20.612   -1.19   -0.27   188.24 
20.622   -1.19   -0.27   188.24 
20.632   -1.19   -0.27   188.24 
20.642   -1.19   -0.27   188.24 
20.652   -1.19   -0.27   188.24 
20.662   -1.19   -0.27   188.24 
20.672   -1.19   -0.27   188.24 
20.682   -1.19   -0.27   188.24 
20.692   -1.19   -0.27   188.24 
20.702   -1.19   -0.27   188.24 
20.712   -1.19   -0.27   188.24 
20.722   -1.19   -0.27   188.24 
20.732   -1.19   -0.27   188.24 
20.742   -1.19   -0.27   188.24 
20.752   -1.19   -0.27   188.24 
20.762   -1.19   -0.27   188.24 
20.772   -1.19   -0.27   188.24 
20.782   -1.19   -0.27   188.24 
20.792   -1.19   -0.27   188.24 
20.802   -1.19   -0.27   188.24 
20.812   -1.19   -0.27   188.24 
20.822   -1.19   -0.27   188.24 
20.832   -1.19   -0.27   188.24 
20.842   -1.19   -0.27   188.24 
20.852   -1.19   -0.27   188.24 
20.862   -1.19   -0.27   188.24 
20.872   -1.19   -0.27   188.24 
20.882   -1.19   -0.27   188.24 
20.892   -1.19   -0.27   188.24 
20.902   -1.19   -0.27   188.24 
20.912   -1.19   -0.27   188.24 
20.922   -1.19   -0.27   188.24 
20.932   -1.19   -0.27   188.24 
20.942   -1.19   -0.27   188.24 
20.952   -1.19   -0.27   188.24 
20.962   -1.19   -0.27   188.24 
20.972   -1.19   -0.27   188.24 
20.982   -1.19   -0.27   188.24 
20.992   -1.19   -0.27   188.24 
21.002   -1.19   -0.27   188.24 
21.012   -1.19   -0.27   188.24 
21.022   -1.19   -0.27   188.24 
21.032   -1.19   -0.27   188.24 
21.042   -1.19   -0.27   188.24 
21.052   -1.19   -0.27   188.24 
21.062   -1.19   -0.27   188.24 
21.072   -1.19   -0.27   188.24 
21.082   -1.19   -0.27   188.24 
21.092   -1.19   -0.27   188.24 
21.102   -1.19   -0.27   188.24 
21.112   -1.19   -0.27   188.24 
21.122   -1.19   -0.27   188.24 
21.132   -1.19   -0.27   188.24 
21.142   -1.19   -0.27   188.24 
21.152   -1.19   -0.27   188.24 
21.162   -1.19   -0.27   188.24 
21.172   -1.19   -0.27   188.24 
21.182   -1.19   -0.27   188.24 
21.192   -1.19   -0.27   188.24 
21.202   -1.19   -0.27   188.24 
21.212   -1.19   -0.27   188.24 
21.222   -1.19   -0.27   188.24 
21.232   -1.19   -0.27   188.24 
21.242   -1.19   -0.27   188.24 
21.252   -1.19   -0.27   188.24 
21.262   -1.19   -0.27   188.24 
21.272   -1.19   -0.27   188.24 
21.282   -1.19   -0.27   188.24 
21.292   -1.19   -0.27   188.24 
21.302   -1.19   -0.27   188.24 
21.312   -1.19   -0.27   188.24 
21.322   -1.19   -0.27   188.24 
21.332   -1.19   -0.27   188.24 
21.342   -1.19   -0.27   188.24 
21.352   -1.19   -0.27   188.24 
21.362   -1.19   -0.27   188.24 
21.372   -1.19   -0.27   188.24 
21.382   -1.19   -0.27   188.24 
21.392   -1.19   -0.27   188.24 
21.402   -1.19   -0.27   188.24 
21.412   -1.19   -0.27   188.24 
21.422   -1.19   -0.27   188.24 
21.432   -1.19   -0.27   188.24 
21.442   -1.19   -0.27   188.24 
21.452   -1.19   -0.27   188.24 
21.462   -1.19   -0.27   188.24 
21.472   -1.19   -0.27   188.24 
21.482   -1.19   -0.27   188.24 
21.492   -1.19   -0.27   188.24 
21.502   -1.19   -0.27   188.24 
21.512   -1.19   -0.27   188.24 
21.522   -1.19   -0.27   188.24 
21.532   -1.19   -0.27   188.24 
21.542   -1.19   -0.27   188.24 
21.552   -1.19   -0.27   188.24 
21.562   -1.19   -0.27   188.24 
21.572   -1.19   -0.27   188.24 
21.582   -1.19   -0.27   188.24 
21.592   -1.19   -0.27   188.24 
21.602   -1.19   -0.27   188.24 
21.612   -1.19   -0.27   188.24 
21.622   -1.19   -0.27   188.24 
21.632   -1.19   -0.27   188.24 
21.642   -1.19   -0.27   188.24 
21.652   -1.19   -0.27   188.24 
21.662   -1.19   -0.27   188.24 
21.672   -1.19   -0.27   188.24 
21.682   -1.19   -0.27   188.24 
21.692   -1.19   -0.27   188.24 
21.702   -1.19   -0.27   188.24 
21.712   -1.19   -0.27   188.24 
21.722   -1.19   -0.27   188.24 
21.732   -1.19   -0.27   188.24 
21.742   -1.19   -0.27   188.24 
21.752   -1.19   -0.27   188.24 
21.762   -1.19   -0.27   188.24 
21.772   -1.19   -0.27   188.24 
21.782   -1.19   -0.27   188.24 
21.792   -1.19   -0.27   188.24 
21.802   -1.19   -0.27   188.24 
21.812   -1.19   -0.27   188.24 
21.822   -1.19   -0.27   188.24 
21.832   -1.19   -0.27   188.24 
21.842   -1.19   -0.27   188.24 
21.852   -1.19   -0.27   188.24 
21.862   -1.19   -0.27   188.24 
21.872   -1.19   -0.27   188.24 
21.882   -1.19   -0.27   188.24 
21.892   -1.19   -0.27   188.24 
21.902   -1.19   -0.27   188.24 
21.912   -1.19   -0.27   188.24 
21.922   -1.19   -0.27   188.24 
21.932   -1.19   -0.27   188.24 
21.942   -1.19   -0.27   188.24 
21.952   -1.19   -0.27   188.24 
21.962   -1.19   -0.27   188.24 
21.972   -1.19   -0.27   188.24 
21.982   -1.19   -0.27   188.24 
21.992   -1.19   -0.27   188.24 
22.002   -1.19   -0.27   188.24 
22.012   -1.19   -0.27   188.24 
22.022   -1.19   -0.27   188.24 
22.032   -1.19   -0.27   188.24 
22.042   -1.19   -0.27   188.24 
22.052   -1.19   -0.27   188.24 
22.062   -1.19   -0.27   188.24 
22.072   -1.19   -0.27   188.24 
22.082   -1.19   -0.27   188.24 
22.092   -1.19   -0.27   188.24 
22.102   -1.19   -0.27   188.24 
22.112   -1.19   -0.27   188.24 
22.122   -1.19   -0.27   188.24 
22.132   -1.19   -0.27   188.24 
22.142   -1.19   -0.27   188.24 
22.152   -1.19   -0.27   188.24 
22.162   -1.19   -0.27   188.24 
22.172   -1.19   -0.27   188.24 
22.182   -1.19   -0.27   188.24 
22.192   -1.19   -0.27   188.24 
22.202   -1.19   -0.27   188.24 
22.212   -1.19   -0.27   188.24 
22.222   -1.19   -0.27   188.24 
22.232   -1.19   -0.27   188.24 
22.242   -1.19   -0.27   188.24 
22.252   -1.19   -0.27   188.24 
22.262   -1.19   -0.27   188.24 
22.272   -1.19   -0.27   188.24 
22.282   -1.19   -0.27   188.24 
22.292   -1.19   -0.27   188.24 
22.302   -1.19   -0.27   188.24 
22.312   -1.19   -0.27   188.24 
22.322   -1.19   -0.27   188.24 
22.332   -1.19   -0.27   188.24 
22.342   -1.19   -0.27   188.24 
22.352   -1.19   -0.27   188.24 
22.362   -1.19   -0.27   188.24 
22.372   -1.19   -0.27   188.24 
22.382   -1.19   -0.27   188.24 
22.392   -1.19   -0.27   188.24 
22.402   -1.19   -0.27   188.24 
22.412   -1.19   -0.27   188.24 
22.422   -1.19   -0.27   188.24 
22.432   -1.19   -0.27   188.24 
22.442   -1.19   -0.27   188.24 
22.452   -1.19   -0.27   188.24 
22.462   -1.19   -0.27   188.24 
22.472   -1.19   -0.27   188.24 
22.482   -1.19   -0.27   188.24 
22.492   -1.19   -0.27   188.24 
22.502   -1.19   -0.27   188.24 
22.512   -1.19   -0.27   188.24 
22.522   -1.19   -0.27   188.24 
22.532   -1.19   -0.27   188.24 
22.542   -1.19   -0.27   188.24 
22.552   -1.19   -0.27   188.24 
22.562   -1.19   -0.27   188.24 
22.572   -1.19   -0.27   188.24 
22.582   -1.19   -0.27   188.24 
22.592   -1.19   -0.27   188.24 
22.602   -1.19   -0.27   188.24 
22.612   -1.19   -0.27   188.24 
22.622   -1.19   -0.27   188.24 
22.632   -1.19   -0.27   188.24 
22.642   -1.19   -0.27   188.24 
22.652   -1.19   -0.27   188.24 
22.662   -1.19   -0.27   188.24 
22.672   -1.19   -0.27   188.24 
22.682   -1.19   -0.27   188.24 
22.692   -1.19   -0.27   188.24 
22.702   -1.19   -0.27   188.24 
22.712   -1.19   -0.27   188.24 
22.722   -1.19   -0.27   188.24 
22.732   -1.19   -0.27   188.24 
22.742   -1.19   -0.27   188.24 
22.752   -1.19   -0.27   188.24 
22.762   -1.19   -0.27   188.24 
22.772   -1.19   -0.27   188.24 
22.782   -1.19   -0.27   188.24 
22.792   -1.19   -0.27   188.24 
22.802   -1.19   -0.27   188.24 
22.812   -1.19   -0.27   188.24 
22.822   -1.19   -0.27   188.24 
22.832   -1.19   -0.27   188.24 
22.842   -1.19   -0.27   188.24 
22.852   -1.19   -0.27   188.24 
22.862   -1.19   -0.27   188.24 
22.872   -1.19   -0.27   188.24 
22.882   -1.19   -0.27   188.24 
22.892   -1.19   -0.27   188.24 
22.902   -1.19   -0.27   188.24 
22.912   -1.19   -0.27   188.24 
22.922   -1.19   -0.27   188.24 
22.932   -1.19   -0.27   188.24 
22.942   -1.19   -0.27   188.24 
22.952   -1.19   -0.27   188.24 
22.962   -1.19   -0.27   188.24 
22.972   -1.19   -0.27   188.24 
22.982   -1.19   -0.27   188.24 
22.992   -1.19   -0.27   188.24 
23.002   -1.19   -0.27   188.24 
23.012   -1.19   -0.27   188.24 
23.022   -1.19   -0.27   188.24 
23.032   -1.19   -0.27   188.24 
23.042   -1.19   -0.27   188.24 
23.052   -1.19   -0.27   188.24 
23.062   -1.19   -0.27   188.24 
23.072   -1.19   -0.27   188.24 
23.082   -1.19   -0.27   188.24 
23.092   -1.19   -0.27   188.24 
23.102   -1.19   -0.27   188.24 
23.112   -1.19   -0.27   188.24 
23.122   -1.19   -0.27   188.24 
23.132   -1.19   -0.27   188.24 
23.142   -1.19   -0.27   188.24 
23.152   -1.19   -0.27   188.24 
23.162   -1.19   -0.27   188.24 
23.172   -1.19   -0.27   188.24 
23.182   -1.19   -0.27   188.24 
23.192   -1.19   -0.27   188.24 
23.202   -1.19   -0.27   188.24 
23.212   -1.19   -0.27   188.24 
23.222   -1.19   -0.27   188.24 
23.232   -1.19   -0.27   188.24 
23.242   -1.19   -0.27   188.24 
23.252   -1.19   -0.27   188.24 
23.262   -1.19   -0.27   188.24 
23.272   -1.19   -0.27   188.24 
23.282   -1.19   -0.27   188.24 
23.292   -1.19   -0.27   188.24 
23.302   -1.19   -0.27   188.24 
23.312   -1.19   -0.27   188.24 
23.322   -1.19   -0.27   188.24 
23.332   -1.19   -0.27   188.24 
23.342   -1.19   -0.27   188.24 
23.352   -1.19   -0.27   188.24 
23.362   -1.19   -0.27   188.24 
23.372   -1.19   -0.27   188.24 
23.382   -1.19   -0.27   188.24 
23.392   -1.19   -0.27   188.24 
23.402   -1.19   -0.27   188.24 
23.412   -1.19   -0.27   188.24 
23.422   -1.19   -0.27   188.24 
23.432   -1.19   -0.27   188.24 
23.442   -1.19   -0.27   188.24 
23.452   -1.19   -0.27   188.24 
23.462   -1.19   -0.27   188.24 
23.472   -1.19   -0.27   188.24 
23.482   -1.19   -0.27   188.24 
23.492   -1.19   -0.27   188.24 
23.502   -1.19   -0.27   188.24 
23.512   -1.19   -0.27   188.24 
23.522   -1.19   -0.27   188.24 
23.532   -1.19   -0.27   188.24 
23.542   -1.19   -0.27   188.24 
23.552   -1.19   -0.27   188.24 
23.562   -1.19   -0.27   188.24 
23.572   -1.19   -0.27   188.24 
23.582   -1.19   -0.27   188.24 
23.592   -1.19   -0.27   188.24 
23.602   -1.19   -0.27   188.24 
23.612   -1.19   -0.27   188.24 
23.622   -1.19   -0.27   188.24 
23.632   -1.19   -0.27   188.24 
23.642   -1.19   -0.27   188.24 
23.652   -1.19   -0.27   188.24 
23.662   -1.19   -0.27   188.24 
23.672   -1.19   -0.27   188.24 
23.682   -1.19   -0.27   188.24 
23.692   -1.19   -0.27   188.24 
23.702   -1.19   -0.27   188.24 
23.712   -1.19   -0.27   188.24 
23.722   -1.19   -0.27   188.24 
23.732   -1.19   -0.27   188.24 
23.742   -1.19   -0.27   188.24 
23.752   -1.19   -0.27   188.24 
23.762   -1.19   -0.27   188.24 
23.772   -1.19   -0.27   188.24 
23.782   -1.19   -0.27   188.24 
23.792   -1.19   -0.27   188.24 
23.802   -1.19   -0.27   188.24 
23.812   -1.19   -0.27   188.24 
23.822   -1.19   -0.27   188.24 
23.832   -1.19   -0.27   188.24 
23.842   -1.19   -0.27   188.24 
23.852   -1.19   -0.27   188.24 
23.862   -1.19   -0.27   188.24 
23.872   -1.19   -0.27   188.24 
23.882   -1.19   -0.27   188.24 
23.892   -1.19   -0.27   188.24 
23.902   -1.19   -0.27   188.24 
23.912   -1.19   -0.27   188.24 
23.922   -1.19   -0.27   188.24 
23.932   -1.19   -0.27   188.24 
23.942   -1.19   -0.27   188.24 
23.952   -1.19   -0.27   188.24 
23.962   -1.19   -0.27   188.24 
23.972   -1.19   -0.27   188.24 
23.982   -1.19   -0.27   188.24 
23.992   -1.19   -0.27   188.24 
24.002   -1.19   -0.27   188.24 
24.012   -1.19   -0.27   188.24 
24.022   -1.19   -0.27   188.24 
24.032   -1.19   -0.27   188.24 
24.042   -1.19   -0.27   188.24 
24.052   -1.19   -0.27   188.24 
24.062   -1.19   -0.27   188.24 
24.072   -1.19   -0.27   188.24 
24.082   -1.19   -0.27   188.24 
24.092   -1.19   -0.27   188.24 
24.127   -1.19   -0.27   188.24 
24.137   -1.19   -0.27   188.24 
24.147   -1.19   -0.27   188.24 
24.157   -1.19   -0.27   188.24 
24.167   -1.19   -0.27   188.24 
24.177   -1.19   -0.27   188.24 
24.187   -1.19   -0.27   188.24 
24.197   -1.19   -0.27   188.24 
24.207   -1.19   -0.27   188.24 
24.217   -1.19   -0.27   188.24 
24.227   -1.19   -0.27   188.24 
24.237   -1.19   -0.27   188.24 
24.247   -1.19   -0.27   188.24 
24.257   -1.19   -0.27   188.24 
24.267   -1.19   -0.27   188.24 
24.277   -1.19   -0.27   188.24 
24.287   -1.19   -0.27   188.24 
24.297   -1.19   -0.27   188.24 
24.307   -1.19   -0.27   188.24 
24.317   -1.19   -0.27   188.24 
24.327   -1.19   -0.27   188.24 
24.337   -1.19   -0.27   188.24 
24.347   -1.19   -0.27   188.24 
24.357   -1.19   -0.27   188.24 
24.367   -1.19   -0.27   188.24 
24.377   -1.19   -0.27   188.24 
24.387   -1.19   -0.27   188.24 
24.397   -1.19   -0.27   188.24 
24.407   -1.19   -0.27   188.24 
24.417   -1.19   -0.27   188.24 
24.427   -1.19   -0.27   188.24 
24.437   -1.19   -0.27   188.24 
24.447   -1.19   -0.27   188.24 
24.457   -1.19   -0.27   188.24 
24.467   -1.19   -0.27   188.24 
24.477   -1.19   -0.27   188.24 
24.487   -1.19   -0.27   188.24 
24.497   -1.19   -0.27   188.24 
24.507   -1.19   -0.27   188.24 
24.517   -1.19   -0.27   188.24 
24.527   -1.19   -0.27   188.24 
24.537   -1.19   -0.27   188.24 
24.547   -1.19   -0.27   188.24 
24.557   -1.19   -0.27   188.24 
24.567   -1.19   -0.27   188.24 
24.577   -1.19   -0.27   188.24 
24.587   -1.19   -0.27   188.24 
24.597   -1.19   -0.27   188.24 
24.607   -1.19   -0.27   188.24 
24.617   -1.19   -0.27   188.24 
24.627   -1.19   -0.27   188.24 
24.637   -1.19   -0.27   188.24 
24.647   -1.19   -0.27   188.24 
24.657   -1.19   -0.27   188.24 
24.667   -1.19   -0.27   188.24 
24.677   -1.19   -0.27   188.24 
24.687   -1.19   -0.27   188.24 
24.697   -1.19   -0.27   188.24 
24.707   -1.19   -0.27   188.24 
24.717   -1.19   -0.27   188.24 
24.727   -1.19   -0.27   188.24 
24.737   -1.19   -0.27   188.24 
24.747   -1.19   -0.27   188.24 
24.757   -1.19   -0.27   188.24 
24.767   -1.19   -0.27   188.24 
24.777   -1.19   -0.27   188.24 
24.787   -1.19   -0.27   188.24 
24.797   -1.19   -0.27   188.24 
24.807   -1.19   -0.27   188.24 
24.817   -1.19   -0.27   188.24 
24.827   -1.19   -0.27   188.24 
24.837   -1.19   -0.27   188.24 
24.847   -1.19   -0.27   188.24 
24.857   -1.19   -0.27   188.24 
24.867   -1.19   -0.27   188.24 
24.877   -1.19   -0.27   188.24 
24.887   -1.19   -0.27   188.24 
24.897   -1.19   -0.27   188.24 
24.907   -1.19   -0.27   188.24 
24.917   -1.19   -0.27   188.24 
24.927   -1.19   -0.27   188.24 
24.937   -1.19   -0.27   188.24 
24.947   -1.19   -0.27   188.24 
24.957   -1.19   -0.27   188.24 
24.967   -1.19   -0.27   188.24 
24.977   -1.19   -0.27   188.24 
24.987   -1.19   -0.27   188.24 
24.997   -1.19   -0.27   188.24 
25.007   -1.19   -0.27   188.24 
25.017   -1.19   -0.27   188.24 
25.027   -1.19   -0.27   188.24 
25.037   -1.19   -0.27   188.24 
25.047   -1.19   -0.27   188.24 
25.057   -1.19   -0.27   188.24 
25.067   -1.19   -0.27   188.24 
25.077   -1.19   -0.27   188.24 
25.087   -1.19   -0.27   188.24 
25.097   -1.19   -0.27   188.24 
25.107   -1.19   -0.27   188.24 
25.117   -1.19   -0.27   188.24 
25.127   -1.19   -0.27   188.24 
25.137   -1.19   -0.27   188.24 
25.147   -1.19   -0.27   188.24 
25.157   -1.19   -0.27   188.24 
25.167   -1.19   -0.27   188.24 
25.177   -1.19   -0.27   188.24 
25.187   -1.19   -0.27   188.24 
25.197   -1.19   -0.27   188.24 
25.207   -1.19   -0.27   188.24 
25.217   -1.19   -0.27   188.24 
25.227   -1.19   -0.27   188.24 
25.237   -1.19   -0.27   188.24 
25.247   -1.19   -0.27   188.24 
25.257   -1.19   -0.27   188.24 
25.267   -1.19   -0.27   188.24 
25.277   -1.19   -0.27   188.24 
25.287   -1.19   -0.27   188.24 
25.297   -1.19   -0.27   188.24 
25.307   -1.19   -0.27   188.24 
25.317   -1.19   -0.27   188.24 
25.327   -1.19   -0.27   188.24 
25.337   -1.19   -0.27   188.24 
25.347   -1.19   -0.27   188.24 
25.357   -1.19   -0.27   188.24 
25.367   -1.19   -0.27   188.24 
25.377   -1.19   -0.27   188.24 
25.387   -1.19   -0.27   188.24 
25.397   -1.19   -0.27   188.24 
25.407   -1.19   -0.27   188.24 
25.417   -1.19   -0.27   188.24 
25.427   -1.19   -0.27   188.24 
25.437   -1.19   -0.27   188.24 
25.447   -1.19   -0.27   188.24 
25.457   -1.19   -0.27   188.24 
25.467   -1.19   -0.27   188.24 
25.477   -1.19   -0.27   188.24 
25.487   -1.19   -0.27   188.24 
25.497   -1.19   -0.27   188.24 
25.507   -1.19   -0.27   188.24 
25.517   -1.19   -0.27   188.24 
25.527   -1.19   -0.27   188.24 
25.537   -1.19   -0.27   188.24 
25.547   -1.19   -0.27   188.24 
25.557   -1.19   -0.27   188.24 
25.567   -1.19   -0.27   188.24 
25.577   -1.19   -0.27   188.24 
25.587   -1.19   -0.27   188.24 
25.597   -1.19   -0.27   188.24 
25.607   -1.19   -0.27   188.24 
25.617   -1.19   -0.27   188.24 
25.627   -1.19   -0.27   188.24 
25.637   -1.19   -0.27   188.24 
25.647   -1.19   -0.27   188.24 
25.657   -1.19   -0.27   188.24 
25.667   -1.19   -0.27   188.24 
25.677   -1.19   -0.27   188.24 
25.687   -1.19   -0.27   188.24 
25.697   -1.19   -0.27   188.24 
25.707   -1.19   -0.27   188.24 
25.717   -1.19   -0.27   188.24 
25.727   -1.19   -0.27   188.24 
25.737   -1.19   -0.27   188.24 
25.747   -1.19   -0.27   188.24 
25.757   -1.19   -0.27   188.24 
25.767   -1.19   -0.27   188.24 
25.777   -1.19   -0.27   188.24 
25.787   -1.19   -0.27   188.24 
25.797   -1.19   -0.27   188.24 
25.807   -1.19   -0.27   188.24 
25.817   -1.19   -0.27   188.24 
25.827   -1.19   -0.27   188.24 
25.837   -1.19   -0.27   188.24 
25.847   -1.19   -0.27   188.24 
25.857   -1.19   -0.27   188.24 
25.867   -1.19   -0.27   188.24 
25.877   -1.19   -0.27   188.24 
25.887   -1.19   -0.27   188.24 
25.897   -1.19   -0.27   188.24 
25.907   -1.19   -0.27   188.24 
25.917   -1.19   -0.27   188.24 
25.927   -1.19   -0.27   188.24 
25.937   -1.19   -0.27   188.24 
25.947   -1.19   -0.27   188.24 
25.957   -1.19   -0.27   188.24 
25.967   -1.19   -0.27   188.24 
25.977   -1.19   -0.27   188.24 
25.987   -1.19   -0.27   188.24 
25.997   -1.19   -0.27   188.24 
26.007   -1.19   -0.27   188.24 
26.017   -1.19   -0.27   188.24 
26.027   -1.19   -0.27   188.24 
26.037   -1.19   -0.27   188.24 
26.047   -1.19   -0.27   188.24 
26.057   -1.19   -0.27   188.24 
26.067   -1.19   -0.27   188.24 
26.077   -1.19   -0.27   188.24 
26.087   -1.19   -0.27   188.24 
26.097   -1.19   -0.27   188.24 
26.107   -1.19   -0.27   188.24 
26.117   -1.19   -0.27   188.24 
26.127   -1.19   -0.27   188.24 
26.137   -1.19   -0.27   188.24 
26.147   -1.19   -0.27   188.24 
26.157   -1.19   -0.27   188.24 
26.167   -1.19   -0.27   188.24 
26.177   -1.19   -0.27   188.24 
26.187   -1.19   -0.27   188.24 
26.197   -1.19   -0.27   188.24 
26.207   -1.19   -0.27   188.24 
26.217   -1.19   -0.27   188.24 
26.227   -1.19   -0.27   188.24 
26.237   -1.19   -0.27   188.24 
26.247   -1.19   -0.27   188.24 
26.257   -1.19   -0.27   188.24 
26.267   -1.19   -0.27   188.24 
26.277   -1.19   -0.27   188.24 
26.287   -1.19   -0.27   188.24 
26.297   -1.19   -0.27   188.24 
26.307   -1.19   -0.27   188.24 
26.317   -1.19   -0.27   188.24 
26.327   -1.19   -0.27   188.24 
26.337   -1.19   -0.27   188.24 
26.347   -1.19   -0.27   188.24 
26.357   -1.19   -0.27   188.24 
26.367   -1.19   -0.27   188.24 
26.377   -1.19   -0.27   188.24 
26.387   -1.19   -0.27   188.24 
26.397   -1.19   -0.27   188.24 
26.407   -1.19   -0.27   188.24 
26.417   -1.19   -0.27   188.24 
26.427   -1.19   -0.27   188.24 
26.437   -1.19   -0.27   188.24 
26.447   -1.19   -0.27   188.24 
26.457   -1.19   -0.27   188.24 
26.467   -1.19   -0.27   188.24 
26.477   -1.19   -0.27   188.24 
26.487   -1.19   -0.27   188.24 
26.497   -1.19   -0.27   188.24 
26.507   -1.19   -0.27   188.24 
26.517   -1.19   -0.27   188.24 
26.527   -1.19   -0.27   188.24 
26.537   -1.19   -0.27   188.24 
26.547   -1.19   -0.27   188.24 
26.557   -1.19   -0.27   188.24 
26.567   -1.19   -0.27   188.24 
26.577   -1.19   -0.27   188.24 
26.587   -1.19   -0.27   188.24 
26.597   -1.19   -0.27   188.24 
26.607   -1.19   -0.27   188.24 
26.617   -1.19   -0.27   188.24 
26.627   -1.19   -0.27   188.24 
26.637   -1.19   -0.27   188.24 
26.647   -1.19   -0.27   188.24 
26.657   -1.19   -0.27   188.24 
26.667   -1.19   -0.27   188.24 
26.677   -1.19   -0.27   188.24 
26.687   -1.19   -0.27   188.24 
26.697   -1.19   -0.27   188.24 
26.707   -1.19   -0.27   188.24 
26.717   -1.19   -0.27   188.24 
26.727   -1.19   -0.27   188.24 
26.737   -1.19   -0.27   188.24 
26.747   -1.19   -0.27   188.24 
26.757   -1.19   -0.27   188.24 
26.767   -1.19   -0.27   188.24 
26.777   -1.19   -0.27   188.24 
26.787   -1.19   -0.27   188.24 
26.797   -1.19   -0.27   188.24 
26.807   -1.19   -0.27   188.24 
26.817   -1.19   -0.27   188.24 
26.827   -1.19   -0.27   188.24 
26.837   -1.19   -0.27   188.24 
26.847   -1.19   -0.27   188.24 
26.857   -1.19   -0.27   188.24 
26.867   -1.19   -0.27   188.24 
26.877   -1.19   -0.27   188.24 
26.887   -1.19   -0.27   188.24 
26.897   -1.19   -0.27   188.24 
26.907   -1.19   -0.27   188.24 
26.917   -1.19   -0.27   188.24 
26.927   -1.19   -0.27   188.24 
26.937   -1.19   -0.27   188.24 
26.947   -1.19   -0.27   188.24 
26.957   -1.19   -0.27   188.24 
26.967   -1.19   -0.27   188.24 
26.977   -1.19   -0.27   188.24 
26.987   -1.19   -0.27   188.24 
26.997   -1.19   -0.27   188.24 
27.007   -1.19   -0.27   188.24 
27.017   -1.19   -0.27   188.24 
27.027   -1.19   -0.27   188.24 
27.037   -1.19   -0.27   188.24 
27.047   -1.19   -0.27   188.24 
27.057   -1.19   -0.27   188.24 
27.067   -1.19   -0.27   188.24 
27.077   -1.19   -0.27   188.24 
27.087   -1.19   -0.27   188.24 
27.097   -1.19   -0.27   188.24 
27.107   -1.19   -0.27   188.24 
27.117   -1.19   -0.27   188.24 
27.127   -1.19   -0.27   188.24 
27.137   -1.19   -0.27   188.24 
27.147   -1.19   -0.27   188.24 
27.157   -1.19   -0.27   188.24 
27.167   -1.19   -0.27   188.24 
27.177   -1.19   -0.27   188.24 
27.187   -1.19   -0.27   188.24 
27.197   -1.19   -0.27   188.24 
27.207   -1.19   -0.27   188.24 
27.217   -1.19   -0.27   188.24 
27.227   -1.19   -0.27   188.24 
27.237   -1.19   -0.27   188.24 
27.247   -1.19   -0.27   188.24 
27.257   -1.19   -0.27   188.24 
27.267   -1.19   -0.27   188.24 
27.277   -1.19   -0.27   188.24 
27.287   -1.19   -0.27   188.24 
27.297   -1.19   -0.27   188.24 
27.307   -1.19   -0.27   188.24 
27.317   -1.19   -0.27   188.24 
27.327   -1.19   -0.27   188.24 
27.337   -1.19   -0.27   188.24 
27.347   -1.19   -0.27   188.24 
27.357   -1.19   -0.27   188.24 
27.367   -1.19   -0.27   188.24 
27.377   -1.19   -0.27   188.24 
27.387   -1.19   -0.27   188.24 
27.397   -1.19   -0.27   188.24 
27.407   -1.19   -0.27   188.24 
27.417   -1.19   -0.27   188.24 
27.427   -1.19   -0.27   188.24 
27.437   -1.19   -0.27   188.24 
27.447   -1.19   -0.27   188.24 
27.457   -1.19   -0.27   188.24 
27.467   -1.19   -0.27   188.24 
27.477   -1.19   -0.27   188.24 
27.487   -1.19   -0.27   188.24 
27.497   -1.19   -0.27   188.24 
27.507   -1.19   -0.27   188.24 
27.517   -1.19   -0.27   188.24 
27.527   -1.19   -0.27   188.24 
27.537   -1.19   -0.27   188.24 
27.547   -1.19   -0.27   188.24 
27.557   -1.19   -0.27   188.24 
27.567   -1.19   -0.27   188.24 
27.577   -1.19   -0.27   188.24 
27.587   -1.19   -0.27   188.24 
27.597   -1.19   -0.27   188.24 
27.607   -1.19   -0.27   188.24 
27.617   -1.19   -0.27   188.24 
27.627   -1.19   -0.27   188.24 
27.637   -1.19   -0.27   188.24 
27.647   -1.19   -0.27   188.24 
27.657   -1.19   -0.27   188.24 
27.667   -1.19   -0.27   188.24 
27.677   -1.19   -0.27   188.24 
27.687   -1.19   -0.27   188.24 
27.697   -1.19   -0.27   188.24 
27.707   -1.19   -0.27   188.24 
27.717   -1.19   -0.27   188.24 
27.727   -1.19   -0.27   188.24 
27.737   -1.19   -0.27   188.24 
27.747   -1.19   -0.27   188.24 
27.757   -1.19   -0.27   188.24 
27.767   -1.19   -0.27   188.24 
27.777   -1.19   -0.27   188.24 
27.787   -1.19   -0.27   188.24 
27.797   -1.19   -0.27   188.24 
27.807   -1.19   -0.27   188.24 
27.817   -1.19   -0.27   188.24 
27.827   -1.19   -0.27   188.24 
27.837   -1.19   -0.27   188.24 
27.847   -1.19   -0.27   188.24 
27.857   -1.19   -0.27   188.24 
27.867   -1.19   -0.27   188.24 
27.877   -1.19   -0.27   188.24 
27.887   -1.19   -0.27   188.24 
27.897   -1.19   -0.27   188.24 
27.907   -1.19   -0.27   188.24 
27.917   -1.19   -0.27   188.24 
27.927   -1.19   -0.27   188.24 
27.937   -1.19   -0.27   188.24 
27.947   -1.19   -0.27   188.24 
27.957   -1.19   -0.27   188.24 
27.967   -1.19   -0.27   188.24 
27.977   -1.19   -0.27   188.24 
27.987   -1.19   -0.27   188.24 
27.997   -1.19   -0.27   188.24 
28.007   -1.19   -0.27   188.24 
28.017   -1.19   -0.27   188.24 
28.027   -1.19   -0.27   188.24 
28.037   -1.19   -0.27   188.24 
28.047   -1.19   -0.27   188.24 
28.057   -1.19   -0.27   188.24 
28.067   -1.19   -0.27   188.24 
28.077   -1.19   -0.27   188.24 
28.087   -1.19   -0.27   188.24 
28.097   -1.19   -0.27   188.24 
28.107   -1.19   -0.27   188.24 
28.117   -1.19   -0.27   188.24 
28.127   -1.19   -0.27   188.24 
28.137   -1.19   -0.27   188.24 
28.147   -1.19   -0.27   188.24 
28.157   -1.19   -0.27   188.24 
28.167   -1.19   -0.27   188.24 
28.177   -1.19   -0.27   188.24 
28.187   -1.19   -0.27   188.24 
28.197   -1.19   -0.27   188.24 
28.207   -1.19   -0.27   188.24 
28.217   -1.19   -0.27   188.24 
28.227   -1.19   -0.27   188.24 
28.237   -1.19   -0.27   188.24 
28.247   -1.19   -0.27   188.24 
28.257   -1.19   -0.27   188.24 
28.267   -1.19   -0.27   188.24 
28.277   -1.19   -0.27   188.24 
28.287   -1.19   -0.27   188.24 
28.297   -1.19   -0.27   188.24 
