t    x     y    deg 
0.000   0.00   0.00   0.00 
0.001   0.00   0.00   0.00 
0.011   0.00   0.00   0.00 
0.021   0.00   0.00   0.00 
0.031   0.00   0.00   0.00 
0.041   0.00   0.00   0.00 
0.051   0.00   0.00   0.00 
0.061   0.00   0.00   0.00 
0.071   0.00   0.00   0.00 
0.081   0.00   0.00   0.00 
0.091   0.00   0.00   0.00 
0.101   0.00   0.00   0.00 
0.111   0.00   0.00   0.00 
0.121   0.00   0.00   0.00 
0.131   0.00   0.00   0.00 
0.141   0.00   0.00   0.00 
0.151   0.00   0.00   0.00 
0.161   0.00   0.00   0.00 
0.171   0.00   0.00   0.00 
0.181   0.00   0.00   0.00 
0.191   0.00   0.00   0.00 
0.201   0.00   0.00   0.00 
0.211   0.00   0.00   0.00 
0.221   0.00   0.00   0.00 
0.231   0.00   0.00   0.00 
0.241   0.00   0.00   0.00 
0.251   0.00   0.00   0.00 
0.261   0.00   0.00   0.00 
0.271   0.00   0.00   0.00 
0.281   0.00   0.00   0.00 
0.291   0.00   0.00   0.00 
0.301   0.00   0.00   0.00 
0.311   0.00   0.00   0.00 
0.321   0.00   0.00   0.00 
0.331   0.00   0.00   0.00 
0.341   0.00   0.00   0.00 
0.351   0.00   0.00   0.00 
0.361   0.00   0.00   0.00 
0.371   0.00   0.00   0.00 
0.381   0.00   0.00   0.00 
0.391   0.00   0.00   0.00 
0.401   0.00   0.00   0.00 
0.411   0.00   0.00   0.00 
0.421   0.00   0.00   0.00 
0.431   0.00   0.00   0.00 
0.441   0.00   0.00   0.00 
0.451   0.00   0.00   0.00 
0.461   0.00   0.00   0.00 
0.471   0.00   0.00   0.00 
0.481   0.00   0.00   0.00 
0.491   0.00   0.00   0.00 
0.501   0.00   0.00   0.00 
0.511   0.00   0.00   0.00 
0.521   0.00   0.00   0.00 
0.531   0.00   0.00   0.00 
0.541   0.00   0.00   0.00 
0.551   0.00   0.00   0.00 
0.561   0.00   0.00   0.00 
0.571   0.00   0.00   0.00 
0.581   0.00   0.00   0.00 
0.591   0.00   0.00   0.00 
0.601   0.00   0.00   0.00 
0.611   0.00   0.00   0.00 
0.621   0.00   0.00   0.00 
0.631   0.00   0.00   0.00 
0.641   0.00   0.00   0.00 
0.651   0.00   0.00   0.00 
0.661   0.00   0.00   0.00 
0.671   0.00   0.00   0.00 
0.681   0.00   0.00   0.00 
0.691   0.00   0.00   0.00 
0.701   0.00   0.00   0.00 
0.711   0.00   0.00   0.00 
0.721   0.00   0.00   0.00 
0.731   0.00   0.00   0.00 
0.741   0.00   0.00   0.00 
0.751   0.00   0.00   0.00 
0.761   0.00   0.00   0.00 
0.771   0.00   0.00   0.00 
0.781   0.00   0.00   0.00 
0.791   0.00   0.00   0.00 
0.801   0.00   0.00   0.00 
0.811   0.00   0.00   0.00 
0.821   0.00   0.00   0.00 
0.831   0.00   0.00   0.00 
0.841   0.00   0.00   0.00 
0.851   0.00   0.00   0.00 
0.861   0.00   0.00   0.00 
0.871   0.00   0.00   0.00 
0.881   0.00   0.00   0.00 
0.891   0.00   0.00   0.00 
0.901   0.00   0.00   0.00 
0.911   0.00   0.00   0.00 
0.921   0.00   0.00   0.00 
0.931   0.00   0.00   0.00 
0.941   0.00   0.00   0.00 
0.951   0.00   0.00   0.00 
0.961   0.00   0.00   0.00 
0.971   0.00   0.00   0.00 
0.981   0.00   0.00   0.00 
0.991   0.00   0.00   0.00 
1.001   0.00   0.00   0.00 
1.011   0.00   0.00   0.00 
1.021   0.00   0.00   0.00 
1.031   0.00   0.00   0.00 
1.041   0.00   0.00   0.00 
1.051   0.00   0.00   0.00 
1.061   0.00   0.00   0.00 
1.071   0.00   0.00   0.00 
1.081   0.00   0.00   0.00 
1.091   0.00   0.00   0.00 
1.101   0.00   0.00   0.00 
1.111   0.00   0.00   0.00 
1.121   0.00   0.00   0.00 
1.131   0.00   0.00   0.00 
1.141   0.00   0.00   0.00 
1.151   0.00   0.00   0.00 
1.161   0.00   0.00   0.00 
1.171   0.00   0.00   0.00 
1.181   0.00   0.00   0.00 
1.191   0.00   0.00   0.00 
1.201   0.00   0.00   0.00 
1.211   0.00   0.00   0.00 
1.221   0.00   0.00   0.00 
1.231   0.00   0.00   0.00 
1.241   0.00   0.00   0.00 
1.251   0.00   0.00   0.00 
1.261   0.00   0.00   0.00 
1.271   0.00   0.00   0.00 
1.281   0.00   0.00   0.00 
1.291   0.00   0.00   0.00 
1.301   0.00   0.00   0.00 
1.311   0.00   0.00   0.00 
1.321   0.00   0.00   0.00 
1.331   0.00   0.00   0.00 
1.341   0.00   0.00   0.00 
1.351   0.00   0.00   0.00 
1.361   0.00   0.00   0.00 
1.371   0.00   0.00   0.00 
1.381   0.00   0.00   0.00 
1.391   0.00   0.00   0.00 
1.401   0.00   0.00   0.00 
1.411   0.00   0.00   0.00 
1.421   0.00   0.00   0.00 
1.431   0.00   0.00   0.00 
1.441   0.00   0.00   0.00 
1.451   0.00   0.00   0.00 
1.461   0.00   0.00   0.00 
1.471   0.00   0.00   0.00 
1.481   0.00   0.00   0.00 
1.491   0.00   0.00   0.00 
1.501   0.00   0.00   0.00 
1.511   0.00   0.00   0.00 
1.521   0.00   0.00   0.00 
1.531   0.00   0.00   0.00 
1.541   0.00   0.00   0.00 
1.551   0.00   0.00   0.00 
1.561   0.00   0.00   0.00 
1.571   0.00   0.00   0.00 
1.581   0.00   0.00   0.00 
1.591   0.00   0.00   0.00 
1.601   0.00   0.00   0.00 
1.611   0.00   0.00   0.00 
1.621   0.00   0.00   0.00 
1.631   0.00   0.00   0.00 
1.641   0.00   0.00   0.00 
1.651   0.00   0.00   0.00 
1.661   0.00   0.00   0.00 
1.671   0.00   0.00   0.00 
1.681   0.00   0.00   0.00 
1.691   0.00   0.00   0.00 
1.701   0.00   0.00   0.00 
1.711   0.00   0.00   0.00 
1.721   0.00   0.00   0.00 
1.731   0.00   0.00   0.00 
1.741   0.00   0.00   0.00 
1.751   0.00   0.00   0.00 
1.761   0.00   0.00   0.00 
1.771   0.00   0.00   0.00 
1.781   0.00   0.00   0.00 
1.791   0.00   0.00   0.00 
1.801   0.00   0.00   0.00 
1.811   0.00   0.00   0.00 
1.821   0.00   0.00   0.00 
1.831   0.00   0.00   0.00 
1.841   0.00   0.00   0.00 
1.851   0.00   0.00   0.00 
1.861   0.00   0.00   0.00 
1.871   0.00   0.00   0.00 
1.881   0.00   0.00   0.00 
1.891   0.00   0.00   0.00 
1.901   0.00   0.00   0.00 
1.911   0.00   0.00   0.00 
1.921   0.00   0.00   0.00 
1.931   0.00   0.00   0.00 
1.941   0.00   0.00   0.00 
1.951   0.00   0.00   0.00 
1.961   0.00   0.00   0.00 
1.971   0.00   0.00   0.00 
1.981   0.00   0.00   0.00 
1.991   0.00   0.00   0.00 
2.001   0.00   0.00   0.00 
2.011   0.00   0.00   0.00 
2.021   0.00   0.00   0.00 
2.031   0.00   0.00   0.00 
2.041   0.00   0.00   0.00 
2.051   0.00   0.00   0.00 
2.061   0.00   0.00   0.00 
2.071   0.00   0.00   0.00 
2.081   0.00   0.00   0.00 
2.091   0.00   0.00   0.00 
2.101   0.00   0.00   0.00 
2.111   0.00   0.00   0.00 
2.121   0.00   0.00   0.00 
2.131   0.00   0.00   0.00 
2.141   0.00   0.00   0.00 
2.151   0.00   0.00   0.00 
2.161   0.00   0.00   0.00 
2.171   0.00   0.00   0.00 
2.181   0.00   0.00   0.00 
2.191   0.00   0.00   0.00 
2.201   0.00   0.00   0.00 
2.211   0.00   0.00   0.00 
2.221   0.00   0.00   0.00 
2.231   0.00   0.00   0.00 
2.241   0.00   0.00   0.00 
2.251   0.00   0.00   0.00 
2.261   0.00   0.00   0.00 
2.271   0.00   0.00   0.00 
2.281   0.00   0.00   0.00 
2.291   0.00   0.00   0.00 
2.301   0.00   0.00   0.00 
2.311   0.00   0.00   0.00 
2.321   0.00   0.00   0.00 
2.331   0.00   0.00   0.00 
2.341   0.00   0.00   0.00 
2.351   0.00   0.00   0.00 
2.361   0.00   0.00   0.00 
2.371   0.00   0.00   0.00 
2.381   0.00   0.00   0.00 
2.391   0.00   0.00   0.00 
2.401   0.00   0.00   0.00 
2.411   0.00   0.00   0.00 
2.421   0.00   0.00   0.00 
2.431   0.00   0.00   0.00 
2.441   0.00   0.00   0.00 
2.451   0.00   0.00   0.00 
2.461   0.00   0.00   0.00 
2.471   0.00   0.00   0.00 
2.481   0.00   0.00   0.00 
2.491   0.00   0.00   0.00 
2.501   0.00   0.00   0.00 
2.511   0.00   0.00   0.00 
2.521   0.00   0.00   0.00 
2.531   0.00   0.00   0.00 
2.541   0.00   0.00   0.00 
2.551   0.00   0.00   0.00 
2.561   0.00   0.00   0.00 
2.571   0.00   0.00   0.00 
2.581   0.00   0.00   0.00 
2.591   0.00   0.00   0.00 
2.601   0.00   0.00   0.00 
2.611   0.00   0.00   0.00 
2.621   0.00   0.00   0.00 
2.631   0.00   0.00   0.00 
2.641   0.00   0.00   0.00 
2.651   0.00   0.00   0.00 
2.661   0.00   0.00   0.00 
2.671   0.00   0.00   0.00 
2.681   0.00   0.00   0.00 
2.691   0.00   0.00   0.00 
2.701   0.00   0.00   0.00 
2.711   0.00   0.00   0.00 
2.721   0.00   0.00   0.00 
2.731   0.00   0.00   0.00 
2.741   0.00   0.00   0.00 
2.751   0.00   0.00   0.00 
2.761   0.00   0.00   0.00 
2.771   0.00   0.00   0.00 
2.781   0.00   0.00   0.00 
2.791   0.00   0.00   0.00 
2.801   0.00   0.00   0.00 
2.811   0.00   0.00   0.00 
2.821   0.00   0.00   0.00 
2.831   0.00   0.00   0.00 
2.841   0.00   0.00   0.00 
2.851   0.00   0.00   0.00 
2.861   0.00   0.00   0.00 
2.871   0.00   0.00   0.00 
2.881   0.00   0.00   0.00 
2.891   0.00   0.00   0.00 
2.901   0.00   0.00   0.00 
2.911   0.00   0.00   0.00 
2.921   0.00   0.00   0.00 
2.931   0.00   0.00   0.00 
2.941   0.00   0.00   0.00 
2.951   0.00   0.00   0.00 
2.961   0.00   0.00   0.00 
2.971   0.00   0.00   0.00 
2.981   0.00   0.00   0.00 
2.991   0.00   0.00   0.00 
3.001   0.00   0.00   0.00 
3.036   0.00   0.00   0.00 
3.046   0.00   0.00   0.00 
3.056   0.00   0.00   0.00 
3.066   0.00   0.00   0.00 
3.076   0.00   0.00   0.00 
3.086   0.00   0.00   0.00 
3.096   0.00   0.00   0.00 
3.106   0.00   0.00   0.00 
3.116   0.00   0.00   0.00 
3.126   0.00   0.00   0.00 
3.136   0.00   0.00   0.00 
3.146   0.00   0.00   0.00 
3.156   0.00   0.00   0.00 
3.166   0.00   0.00   0.00 
3.176   0.00   0.00   0.00 
3.186   0.00   0.00   0.00 
3.196   0.00   0.00   0.00 
3.206   0.00   0.00   0.00 
3.216   0.00   0.00   0.00 
3.226   0.00   0.00   0.00 
3.236   0.00   0.00   0.00 
3.246   0.00   0.00   0.00 
3.256   0.00   0.00   0.00 
3.266   0.00   0.00   0.00 
3.276   0.00   0.00   0.00 
3.286   0.00   0.00   0.00 
3.296   0.00   0.00   0.00 
3.306   0.00   0.00   0.00 
3.316   0.00   0.00   0.00 
3.326   0.00   0.00   0.00 
3.336   0.00   0.00   0.00 
3.346   0.00   0.00   0.00 
3.356   0.00   0.00   0.00 
3.366   0.00   0.00   0.00 
3.376   0.00   0.00   0.00 
3.386   0.00   0.00   0.00 
3.396   0.00   0.00   0.00 
3.406   0.00   0.00   0.00 
3.416   0.00   0.00   0.00 
3.426   0.00   0.00   0.00 
3.436   0.00   0.00   0.00 
3.446   0.00   0.00   0.00 
3.456   0.00   0.00   0.00 
3.466   0.00   0.00   0.00 
3.476   0.00   0.00   0.00 
3.486   0.00   0.00   0.00 
3.496   0.00   0.00   0.00 
3.506   0.00   0.00   0.00 
3.516   0.00   0.00   0.00 
3.526   0.00   0.00   0.00 
3.536   0.00   0.00   0.00 
3.546   0.00   0.00   0.00 
3.556   0.00   0.00   0.00 
3.566   0.00   0.00   0.00 
3.576   0.00   0.00   0.00 
3.586   0.00   0.00   0.00 
3.596   0.00   0.00   0.00 
3.606   0.00   0.00   0.00 
3.616   0.00   0.00   0.00 
3.626   0.00   0.00   0.00 
3.636   0.00   0.00   0.00 
3.646   0.00   0.00   0.00 
3.656   0.00   0.00   0.00 
3.666   0.00   0.00   0.00 
3.676   0.00   0.00   0.00 
3.686   0.00   0.00   0.00 
3.696   0.00   0.00   0.00 
3.706   0.00   0.00   0.00 
3.716   0.00   0.00   0.00 
3.726   0.00   0.00   0.00 
3.736   0.00   0.00   0.00 
3.746   0.00   0.00   0.00 
3.756   0.00   0.00   0.00 
3.766   0.00   0.00   0.00 
3.776   0.00   0.00   0.00 
3.786   0.00   0.00   0.00 
3.796   0.00   0.00   0.00 
3.806   0.00   0.00   0.00 
3.816   0.00   0.00   0.00 
3.826   0.00   0.00   0.00 
3.836   0.00   0.00   0.00 
3.846   0.00   0.00   0.00 
3.856   0.00   0.00   0.00 
3.866   0.00   0.00   0.00 
3.876   0.00   0.00   0.00 
3.886   0.00   0.00   0.00 
3.896   0.00   0.00   0.00 
3.906   0.00   0.00   0.00 
3.916   0.00   0.00   0.00 
3.926   0.00   0.00   0.00 
3.936   0.00   0.00   0.00 
3.946   0.00   0.00   0.00 
3.956   0.00   0.00   0.00 
3.966   0.00   0.00   0.00 
3.976   0.00   0.00   0.00 
3.986   0.00   0.00   0.00 
3.996   0.00   0.00   0.00 
4.006   0.00   0.00   0.00 
4.016   0.00   0.00   0.00 
4.026   0.00   0.00   0.00 
4.036   0.00   0.00   0.00 
4.046   0.00   0.00   0.00 
4.056   0.00   0.00   0.00 
4.066   0.00   0.00   0.00 
4.076   0.00   0.00   0.00 
4.086   0.00   0.00   0.00 
4.096   0.00   0.00   0.00 
4.106   0.00   0.00   0.00 
4.116   0.00   0.00   0.00 
4.126   0.00   0.00   0.00 
4.136   0.00   0.00   0.00 
4.146   0.00   0.00   0.00 
4.156   0.00   0.00   0.00 
4.166   0.00   0.00   0.00 
4.176   0.00   0.00   0.00 
4.186   0.00   0.00   0.00 
4.196   0.00   0.00   0.00 
4.206   0.00   0.00   0.00 
4.216   0.00   0.00   0.00 
4.226   0.00   0.00   0.00 
4.236   0.00   0.00   0.00 
4.246   0.00   0.00   0.00 
4.256   0.00   0.00   0.00 
4.266   0.00   0.00   0.00 
4.276   0.00   0.00   0.00 
4.286   0.00   0.00   0.00 
4.296   0.00   0.00   0.00 
4.306   0.00   0.00   0.00 
4.316   0.00   0.00   0.00 
4.326   0.00   0.00   0.00 
4.336   0.00   0.00   0.00 
4.346   0.00   0.00   0.00 
4.356   0.00   0.00   0.00 
4.366   0.00   0.00   0.00 
4.376   0.00   0.00   0.00 
4.386   0.00   0.00   0.00 
4.396   0.00   0.00   0.00 
4.406   0.00   0.00   0.00 
4.416   0.00   0.00   0.00 
4.426   0.00   0.00   0.00 
4.436   0.00   0.00   0.00 
4.446   0.00   0.00   0.00 
4.456   0.00   0.00   0.00 
4.466   0.00   0.00   0.00 
4.476   0.00   0.00   0.00 
4.486   0.00   0.00   0.00 
4.496   0.00   0.00   0.00 
4.506   0.00   0.00   0.00 
4.516   0.00   0.00   0.00 
4.526   0.00   0.00   0.00 
4.536   0.00   0.00   0.00 
4.546   0.00   0.00   0.00 
4.556   0.00   0.00   0.00 
4.566   0.00   0.00   0.00 
4.576   0.00   0.00   0.00 
4.586   0.00   0.00   0.00 
4.596   0.00   0.00   0.00 
4.606   0.00   0.00   0.00 
4.616   0.00   0.00   0.00 
4.626   0.00   0.00   0.00 
4.636   0.00   0.00   0.00 
4.646   0.00   0.00   0.00 
4.656   0.00   0.00   0.00 
4.666   0.00   0.00   0.00 
4.676   0.00   0.00   0.00 
4.686   0.00   0.00   0.00 
4.696   0.00   0.00   0.00 
4.706   0.00   0.00   0.00 
4.716   0.00   0.00   0.00 
4.726   0.00   0.00   0.00 
4.736   0.00   0.00   0.00 
4.746   0.00   0.00   0.00 
4.756   0.00   0.00   0.00 
4.766   0.00   0.00   0.00 
4.776   0.00   0.00   0.00 
4.786   0.00   0.00   0.00 
4.796   0.00   0.00   0.00 
4.806   0.00   0.00   0.00 
4.816   0.00   0.00   0.00 
4.826   0.00   0.00   0.00 
4.836   0.00   0.00   0.00 
4.846   0.00   0.00   0.00 
4.856   0.00   0.00   0.00 
4.866   0.00   0.00   0.00 
4.876   0.00   0.00   0.00 
4.886   0.00   0.00   0.00 
4.896   0.00   0.00   0.00 
4.906   0.00   0.00   0.00 
4.916   0.00   0.00   0.00 
4.926   0.00   0.00   0.00 
4.936   0.00   0.00   0.00 
4.946   0.00   0.00   0.00 
4.956   0.00   0.00   0.00 
4.966   0.00   0.00   0.00 
4.976   0.00   0.00   0.00 
4.986   0.00   0.00   0.00 
4.996   0.00   0.00   0.00 
5.006   0.00   0.00   0.00 
5.016   0.00   0.00   0.00 
5.026   0.00   0.00   0.00 
5.036   0.00   0.00   0.00 
5.046   0.00   0.00   0.00 
5.056   0.00   0.00   0.00 
5.066   0.00   0.00   0.00 
5.076   0.00   0.00   0.00 
5.086   0.00   0.00   0.00 
5.096   0.00   0.00   0.00 
5.106   0.00   0.00   0.00 
5.116   0.00   0.00   0.00 
5.126   0.00   0.00   0.00 
5.136   0.00   0.00   0.00 
5.146   0.00   0.00   0.00 
5.156   0.00   0.00   0.00 
5.166   0.00   0.00   0.00 
5.176   0.00   0.00   0.00 
5.186   0.00   0.00   0.00 
5.196   0.00   0.00   0.00 
5.206   0.00   0.00   0.00 
5.216   0.00   0.00   0.00 
5.226   0.00   0.00   0.00 
5.236   0.00   0.00   0.00 
5.246   0.00   0.00   0.00 
5.256   0.00   0.00   0.00 
5.266   0.00   0.00   0.00 
5.276   0.00   0.00   0.00 
5.286   0.00   0.00   0.00 
5.296   0.00   0.00   0.00 
5.306   0.00   0.00   0.00 
5.316   0.00   0.00   0.00 
5.326   0.00   0.00   0.00 
5.336   0.00   0.00   0.00 
5.346   0.00   0.00   0.00 
5.356   0.00   0.00   0.00 
5.366   0.00   0.00   0.00 
5.376   0.00   0.00   0.00 
5.386   0.00   0.00   0.00 
5.396   0.00   0.00   0.00 
5.406   0.00   0.00   0.00 
5.416   0.00   0.00   0.00 
5.426   0.00   0.00   0.00 
5.436   0.00   0.00   0.00 
5.446   0.00   0.00   0.00 
5.456   0.00   0.00   0.00 
5.466   0.00   0.00   0.00 
5.476   0.00   0.00   0.00 
5.486   0.00   0.00   0.00 
5.496   0.00   0.00   0.00 
5.506   0.00   0.00   0.00 
5.516   0.00   0.00   0.00 
5.526   0.00   0.00   0.00 
5.536   0.00   0.00   0.00 
5.546   0.00   0.00   0.00 
5.556   0.00   0.00   0.00 
5.566   0.00   0.00   0.00 
5.576   0.00   0.00   0.00 
5.586   0.00   0.00   0.00 
5.596   0.00   0.00   0.00 
5.606   0.00   0.00   0.00 
5.616   0.00   0.00   0.00 
5.626   0.00   0.00   0.00 
5.636   0.00   0.00   0.00 
5.646   0.00   0.00   0.00 
5.656   0.00   0.00   0.00 
5.666   0.00   0.00   0.00 
5.676   0.00   0.00   0.00 
5.686   0.00   0.00   0.00 
5.696   0.00   0.00   0.00 
5.706   0.00   0.00   0.00 
5.716   0.00   0.00   0.00 
5.726   0.00   0.00   0.00 
5.736   0.00   0.00   0.00 
5.746   0.00   0.00   0.00 
5.756   0.00   0.00   0.00 
5.766   0.00   0.00   0.00 
5.776   0.00   0.00   0.00 
5.786   0.00   0.00   0.00 
5.796   0.00   0.00   0.00 
5.806   0.00   0.00   0.00 
5.816   0.00   0.00   0.00 
5.826   0.00   0.00   0.00 
5.836   0.00   0.00   0.00 
5.846   0.00   0.00   0.00 
5.856   0.00   0.00   0.00 
5.866   0.00   0.00   0.00 
5.876   0.00   0.00   0.00 
5.886   0.00   0.00   0.00 
5.896   0.00   0.00   0.00 
5.906   0.00   0.00   0.00 
5.916   0.00   0.00   0.00 
5.926   0.00   0.00   0.00 
5.936   0.00   0.00   0.00 
5.946   0.00   0.00   0.00 
5.956   0.00   0.00   0.00 
5.966   0.00   0.00   0.00 
5.976   0.00   0.00   0.00 
5.986   0.00   0.00   0.00 
5.996   0.00   0.00   0.00 
6.006   0.00   0.00   0.00 
6.016   0.00   0.00   0.00 
6.026   0.00   0.00   0.00 
6.036   0.00   0.00   0.00 
6.046   0.00   0.00   0.00 
6.056   0.00   0.00   0.00 
6.066   0.00   0.00   0.00 
6.076   0.00   0.00   0.00 
6.086   0.00   0.00   0.00 
6.096   0.00   0.00   0.00 
6.106   0.00   0.00   0.00 
6.116   0.00   0.00   0.00 
6.126   0.00   0.00   0.00 
6.136   0.00   0.00   0.00 
6.146   0.00   0.00   0.00 
6.156   0.00   0.00   0.00 
6.166   0.00   0.00   0.00 
6.176   0.00   0.00   0.00 
6.186   0.00   0.00   0.00 
6.196   0.00   0.00   0.00 
6.206   0.00   0.00   0.00 
6.216   0.00   0.00   0.00 
6.226   0.00   0.00   0.00 
6.236   0.00   0.00   0.00 
6.246   0.00   0.00   0.00 
6.256   0.00   0.00   0.00 
6.266   0.00   0.00   0.00 
6.276   0.00   0.00   0.00 
6.286   0.00   0.00   0.00 
6.296   0.00   0.00   0.00 
6.306   0.00   0.00   0.00 
6.316   0.00   0.00   0.00 
6.326   0.00   0.00   0.00 
6.336   0.00   0.00   0.00 
6.346   0.00   0.00   0.00 
6.356   0.00   0.00   0.00 
6.366   0.00   0.00   0.00 
6.376   0.00   0.00   0.00 
6.386   0.00   0.00   0.00 
6.396   0.00   0.00   0.00 
6.406   0.00   0.00   0.00 
6.416   0.00   0.00   0.00 
6.426   0.00   0.00   0.00 
6.436   0.00   0.00   0.00 
6.446   0.00   0.00   0.00 
6.456   0.00   0.00   0.00 
6.466   0.00   0.00   0.00 
6.476   0.00   0.00   0.00 
6.486   0.00   0.00   0.00 
6.496   0.00   0.00   0.00 
6.506   0.00   0.00   0.00 
6.516   0.00   0.00   0.00 
6.526   0.00   0.00   0.00 
6.536   0.00   0.00   0.00 
6.546   0.00   0.00   0.00 
6.556   0.00   0.00   0.00 
6.566   0.00   0.00   0.00 
6.576   0.00   0.00   0.00 
6.586   0.00   0.00   0.00 
6.596   0.00   0.00   0.00 
6.606   0.00   0.00   0.00 
6.616   0.00   0.00   0.00 
6.626   0.00   0.00   0.00 
6.636   0.00   0.00   0.00 
6.646   0.00   0.00   0.00 
6.656   0.00   0.00   0.00 
6.666   0.00   0.00   0.00 
6.676   0.00   0.00   0.00 
6.686   0.00   0.00   0.00 
6.696   0.00   0.00   0.00 
6.706   0.00   0.00   0.00 
6.716   0.00   0.00   0.00 
6.726   0.00   0.00   0.00 
6.736   0.00   0.00   0.00 
6.746   0.00   0.00   0.00 
6.756   0.00   0.00   0.00 
6.766   0.00   0.00   0.00 
6.776   0.00   0.00   0.00 
6.786   0.00   0.00   0.00 
6.796   0.00   0.00   0.00 
6.806   0.00   0.00   0.00 
6.816   0.00   0.00   0.00 
6.826   0.00   0.00   0.00 
6.836   0.00   0.00   0.00 
6.846   0.00   0.00   0.00 
6.856   0.00   0.00   0.00 
6.866   0.00   0.00   0.00 
6.876   0.00   0.00   0.00 
6.886   0.00   0.00   0.00 
6.896   0.00   0.00   0.00 
6.906   0.00   0.00   0.00 
6.916   0.00   0.00   0.00 
6.926   0.00   0.00   0.00 
6.936   0.00   0.00   0.00 
6.946   0.00   0.00   0.00 
6.956   0.00   0.00   0.00 
6.966   0.00   0.00   0.00 
6.976   0.00   0.00   0.00 
6.986   0.00   0.00   0.00 
6.996   0.00   0.00   0.00 
7.006   0.00   0.00   0.00 
7.016   0.00   0.00   0.00 
7.026   0.00   0.00   0.00 
7.036   0.00   0.00   0.00 
7.046   0.00   0.00   0.00 
7.056   0.00   0.00   0.00 
7.066   0.00   0.00   0.00 
7.076   0.00   0.00   0.00 
7.086   0.00   0.00   0.00 
7.096   0.00   0.00   0.00 
7.106   0.00   0.00   0.00 
7.116   0.00   0.00   0.00 
7.126   0.00   0.00   0.00 
7.136   0.00   0.00   0.00 
7.146   0.00   0.00   0.00 
7.156   0.00   0.00   0.00 
7.166   0.00   0.00   0.00 
7.176   0.00   0.00   0.00 
7.186   0.00   0.00   0.00 
7.196   0.00   0.00   0.00 
7.206   0.00   0.00   0.00 
7.216   0.00   0.00   0.00 
7.226   0.00   0.00   0.00 
7.236   0.00   0.00   0.00 
7.246   0.00   0.00   0.00 
7.256   0.00   0.00   0.00 
7.266   0.00   0.00   0.00 
7.276   0.00   0.00   0.00 
7.286   0.00   0.00   0.00 
7.296   0.00   0.00   0.00 
7.306   0.00   0.00   0.00 
7.316   0.00   0.00   0.00 
7.326   0.00   0.00   0.00 
7.336   0.00   0.00   0.00 
7.346   0.00   0.00   0.00 
7.356   0.00   0.00   0.00 
7.366   0.00   0.00   0.00 
7.376   0.00   0.00   0.00 
7.386   0.00   0.00   0.00 
7.396   0.00   0.00   0.00 
7.406   0.00   0.00   0.00 
7.416   0.00   0.00   0.00 
7.426   0.00   0.00   0.00 
7.436   0.00   0.00   0.00 
7.446   0.00   0.00   0.00 
7.456   0.00   0.00   0.00 
7.466   0.00   0.00   0.00 
7.476   0.00   0.00   0.00 
7.486   0.00   0.00   0.00 
7.496   0.00   0.00   0.00 
7.506   0.00   0.00   0.00 
7.516   0.00   0.00   0.00 
7.526   0.00   0.00   0.00 
7.536   0.00   0.00   0.00 
7.546   0.00   0.00   0.00 
7.556   0.00   0.00   0.00 
7.566   0.00   0.00   0.00 
7.576   0.00   0.00   0.00 
7.586   0.00   0.00   0.00 
7.596   0.00   0.00   0.00 
7.606   0.00   0.00   0.00 
7.616   0.00   0.00   0.00 
7.626   0.00   0.00   0.00 
7.636   0.00   0.00   0.00 
7.646   0.00   0.00   0.00 
7.656   0.00   0.00   0.00 
7.666   0.00   0.00   0.00 
7.676   0.00   0.00   0.00 
7.686   0.00   0.00   0.00 
7.696   0.00   0.00   0.00 
7.706   0.00   0.00   0.00 
7.716   0.00   0.00   0.00 
7.726   0.00   0.00   0.00 
7.736   0.00   0.00   0.00 
7.746   0.00   0.00   0.00 
7.756   0.00   0.00   0.00 
7.766   0.00   0.00   0.00 
7.776   0.00   0.00   0.00 
7.786   0.00   0.00   0.00 
7.796   0.00   0.00   0.00 
7.806   0.00   0.00   0.00 
7.816   0.00   0.00   0.00 
7.826   0.00   0.00   0.00 
7.836   0.00   0.00   0.00 
7.846   0.00   0.00   0.00 
7.856   0.00   0.00   0.00 
7.866   0.00   0.00   0.00 
7.876   0.00   0.00   0.00 
7.886   0.00   0.00   0.00 
7.896   0.00   0.00   0.00 
7.906   0.00   0.00   0.00 
7.916   0.00   0.00   0.00 
7.926   0.00   0.00   0.00 
7.936   0.00   0.00   0.00 
7.946   0.00   0.00   0.00 
7.956   0.00   0.00   0.00 
7.966   0.00   0.00   0.00 
7.976   0.00   0.00   0.00 
7.986   0.00   0.00   0.00 
7.996   0.00   0.00   0.00 
8.006   0.00   0.00   0.00 
8.041   0.00   0.00   0.00 
8.052   0.00   0.00   0.00 
8.062   0.00   0.00   0.00 
8.072   0.00   0.00   0.00 
8.082   0.00   0.00   0.00 
8.092   0.00   0.00   0.00 
8.102   0.00   0.00   0.00 
8.112   0.00   0.00   0.00 
8.122   0.00   0.00   0.00 
8.132   0.00   0.00   0.00 
8.142   0.00   0.00   0.00 
8.152   0.00   0.00   0.00 
8.162   0.00   0.00   0.00 
8.172   0.00   0.00   0.00 
8.182   0.00   0.00   0.00 
8.192   0.00   0.00   0.00 
8.202   0.00   0.00   0.00 
8.212   0.00   0.00   0.00 
8.222   0.00   0.00   0.00 
8.232   0.00   0.00   0.00 
8.242   0.00   0.00   0.00 
8.252   0.00   0.00   0.00 
8.262   0.00   0.00   0.00 
8.272   0.00   0.00   0.00 
8.282   0.00   0.00   0.00 
8.292   0.00   0.00   0.00 
8.302   0.00   0.00   0.00 
8.312   0.00   0.00   0.00 
8.322   0.00   0.00   0.00 
8.332   0.00   0.00   0.00 
8.342   0.00   0.00   0.00 
8.352   0.00   0.00   0.00 
8.362   0.00   0.00   0.00 
8.372   0.00   0.00   0.00 
8.382   0.00   0.00   0.00 
8.392   0.00   0.00   0.00 
8.402   0.00   0.00   0.00 
8.412   0.00   0.00   0.00 
8.422   0.00   0.00   0.00 
8.432   0.00   0.00   0.00 
8.442   0.00   0.00   0.00 
8.452   0.00   0.00   0.00 
8.462   0.00   0.00   0.00 
8.472   0.00   0.00   0.00 
8.482   0.00   0.00   0.00 
8.492   0.00   0.00   0.00 
8.502   0.00   0.00   0.00 
8.512   0.00   0.00   0.00 
8.522   0.00   0.00   0.00 
8.532   0.00   0.00   0.00 
8.542   0.00   0.00   0.00 
8.552   0.00   0.00   0.00 
8.562   0.00   0.00   0.00 
8.572   0.00   0.00   0.00 
8.582   0.00   0.00   0.00 
8.592   0.00   0.00   0.00 
8.602   0.00   0.00   0.00 
8.612   0.00   0.00   0.00 
8.622   0.00   0.00   0.00 
8.632   0.00   0.00   0.00 
8.642   0.00   0.00   0.00 
8.652   0.00   0.00   0.00 
8.662   0.00   0.00   0.00 
8.672   0.00   0.00   0.00 
8.682   0.00   0.00   0.00 
8.692   0.00   0.00   0.00 
8.702   0.00   0.00   0.00 
8.712   0.00   0.00   0.00 
8.722   0.00   0.00   0.00 
8.732   0.00   0.00   0.00 
8.742   0.00   0.00   0.00 
8.752   0.00   0.00   0.00 
8.762   0.00   0.00   0.00 
8.772   0.00   0.00   0.00 
8.782   0.00   0.00   0.00 
8.792   0.00   0.00   0.00 
8.802   0.00   0.00   0.00 
8.812   0.00   0.00   0.00 
8.822   0.00   0.00   0.00 
8.832   0.00   0.00   0.00 
8.842   0.00   0.00   0.00 
8.852   0.00   0.00   0.00 
8.862   0.00   0.00   0.00 
8.872   0.00   0.00   0.00 
8.882   0.00   0.00   0.00 
8.892   0.00   0.00   0.00 
8.902   0.00   0.00   0.00 
8.912   0.00   0.00   0.00 
8.922   0.00   0.00   0.00 
8.932   0.00   0.00   0.00 
8.942   0.00   0.00   0.00 
8.952   0.00   0.00   0.00 
8.962   0.00   0.00   0.00 
8.972   0.00   0.00   0.00 
8.982   0.00   0.00   0.00 
8.992   0.00   0.00   0.00 
9.002   0.00   0.00   0.00 
9.012   0.00   0.00   0.00 
9.022   0.00   0.00   0.00 
9.032   0.00   0.00   0.00 
9.042   0.00   0.00   0.00 
9.052   0.00   0.00   0.00 
9.062   0.00   0.00   0.00 
9.072   0.00   0.00   0.00 
9.082   0.00   0.00   0.00 
9.092   0.00   0.00   0.00 
9.102   0.00   0.00   0.00 
9.112   0.00   0.00   0.00 
9.122   0.00   0.00   0.00 
9.132   0.00   0.00   0.00 
9.142   0.00   0.00   0.00 
9.152   0.00   0.00   0.00 
9.162   0.00   0.00   0.00 
9.172   0.00   0.00   0.00 
9.182   0.00   0.00   0.00 
9.192   0.00   0.00   0.00 
9.202   0.00   0.00   0.00 
9.212   0.00   0.00   0.00 
9.222   0.00   0.00   0.00 
9.232   0.00   0.00   0.00 
9.242   0.00   0.00   0.00 
9.252   0.00   0.00   0.00 
9.262   0.00   0.00   0.00 
9.272   0.00   0.00   0.00 
9.282   0.00   0.00   0.00 
9.292   0.00   0.00   0.00 
9.302   0.00   0.00   0.00 
9.312   0.00   0.00   0.00 
9.322   0.00   0.00   0.00 
9.332   0.00   0.00   0.00 
9.342   0.00   0.00   0.00 
9.352   0.00   0.00   0.00 
9.362   0.00   0.00   0.00 
9.372   0.00   0.00   0.00 
9.382   0.00   0.00   0.00 
9.392   0.00   0.00   0.00 
9.402   0.00   0.00   0.00 
9.412   0.00   0.00   0.00 
9.422   0.00   0.00   0.00 
9.432   0.00   0.00   0.00 
9.442   0.00   0.00   0.00 
9.452   0.00   0.00   0.00 
9.462   0.00   0.00   0.00 
9.472   0.00   0.00   0.00 
9.482   0.00   0.00   0.00 
9.492   0.00   0.00   0.00 
9.502   0.00   0.00   0.00 
9.512   0.00   0.00   0.00 
9.522   0.00   0.00   0.00 
9.532   0.00   0.00   0.00 
9.542   0.00   0.00   0.00 
9.552   0.00   0.00   0.00 
9.562   0.00   0.00   0.00 
9.572   0.00   0.00   0.00 
9.582   0.00   0.00   0.00 
9.592   0.00   0.00   0.00 
9.602   0.00   0.00   0.00 
9.612   0.00   0.00   0.00 
9.622   0.00   0.00   0.00 
9.632   0.00   0.00   0.00 
9.642   0.00   0.00   0.00 
9.652   0.00   0.00   0.00 
9.662   0.00   0.00   0.00 
9.672   0.00   0.00   0.00 
9.682   0.00   0.00   0.00 
9.692   0.00   0.00   0.00 
9.702   0.00   0.00   0.00 
9.712   0.00   0.00   0.00 
9.722   0.00   0.00   0.00 
9.732   0.00   0.00   0.00 
9.742   0.00   0.00   0.00 
9.752   0.00   0.00   0.00 
9.762   0.00   0.00   0.00 
9.772   0.00   0.00   0.00 
9.782   0.00   0.00   0.00 
9.792   0.00   0.00   0.00 
9.802   0.00   0.00   0.00 
9.812   0.00   0.00   0.00 
9.822   0.00   0.00   0.00 
9.832   0.00   0.00   0.00 
9.842   0.00   0.00   0.00 
9.852   0.00   0.00   0.00 
9.862   0.00   0.00   0.00 
9.872   0.00   0.00   0.00 
9.882   0.00   0.00   0.00 
9.892   0.00   0.00   0.00 
9.902   0.00   0.00   0.00 
9.912   0.00   0.00   0.00 
9.922   0.00   0.00   0.00 
9.932   0.00   0.00   0.00 
9.942   0.00   0.00   0.00 
9.952   0.00   0.00   0.00 
9.962   0.00   0.00   0.00 
9.972   0.00   0.00   0.00 
9.982   0.00   0.00   0.00 
9.992   0.00   0.00   0.00 
10.002   0.00   0.00   0.00 
10.012   0.00   0.00   0.00 
10.022   0.00   0.00   0.00 
10.032   0.00   0.00   0.00 
10.042   0.00   0.00   0.00 
10.052   0.00   0.00   0.00 
10.062   0.00   0.00   0.00 
10.072   0.00   0.00   0.00 
10.082   0.00   0.00   0.00 
10.092   0.00   0.00   0.00 
10.102   0.00   0.00   0.00 
10.112   0.00   0.00   0.00 
10.122   0.00   0.00   0.00 
10.132   0.00   0.00   0.00 
10.142   0.00   0.00   0.00 
10.152   0.00   0.00   0.00 
10.162   0.00   0.00   0.00 
10.172   0.00   0.00   0.00 
10.182   0.00   0.00   0.00 
10.192   0.00   0.00   0.00 
10.202   0.00   0.00   0.00 
10.212   0.00   0.00   0.00 
10.222   0.00   0.00   0.00 
10.232   0.00   0.00   0.00 
10.242   0.00   0.00   0.00 
10.252   0.00   0.00   0.00 
10.262   0.00   0.00   0.00 
10.272   0.00   0.00   0.00 
10.282   0.00   0.00   0.00 
10.292   0.00   0.00   0.00 
10.302   0.00   0.00   0.00 
10.312   0.00   0.00   0.00 
10.322   0.00   0.00   0.00 
10.332   0.00   0.00   0.00 
10.342   0.00   0.00   0.00 
10.352   0.00   0.00   0.00 
10.362   0.00   0.00   0.00 
10.372   0.00   0.00   0.00 
10.382   0.00   0.00   0.00 
10.392   0.00   0.00   0.00 
10.402   0.00   0.00   0.00 
10.412   0.00   0.00   0.00 
10.422   0.00   0.00   0.00 
10.432   0.00   0.00   0.00 
10.442   0.00   0.00   0.00 
10.452   0.00   0.00   0.00 
10.462   0.00   0.00   0.00 
10.472   0.00   0.00   0.00 
10.482   0.00   0.00   0.00 
10.492   0.00   0.00   0.00 
10.502   0.00   0.00   0.00 
10.512   0.00   0.00   0.00 
10.522   0.00   0.00   0.00 
10.532   0.00   0.00   0.00 
10.542   0.00   0.00   0.00 
10.552   0.00   0.00   0.00 
10.562   0.00   0.00   0.00 
10.572   0.00   0.00   0.00 
10.582   0.00   0.00   0.00 
10.592   0.00   0.00   0.00 
10.602   0.00   0.00   0.00 
10.612   0.00   0.00   0.00 
10.622   0.00   0.00   0.00 
10.632   0.00   0.00   0.00 
10.642   0.00   0.00   0.00 
10.652   0.00   0.00   0.00 
10.662   0.00   0.00   0.00 
10.672   0.00   0.00   0.00 
10.682   0.00   0.00   0.00 
10.692   0.00   0.00   0.00 
10.702   0.00   0.00   0.00 
10.712   0.00   0.00   0.00 
10.722   0.00   0.00   0.00 
10.732   0.00   0.00   0.00 
10.742   0.00   0.00   0.00 
10.752   0.00   0.00   0.00 
10.762   0.00   0.00   0.00 
10.772   0.00   0.00   0.00 
10.782   0.00   0.00   0.00 
10.792   0.00   0.00   0.00 
10.802   0.00   0.00   0.00 
10.812   0.00   0.00   0.00 
10.822   0.00   0.00   0.00 
10.832   0.00   0.00   0.00 
10.842   0.00   0.00   0.00 
10.852   0.00   0.00   0.00 
10.862   0.00   0.00   0.00 
10.872   0.00   0.00   0.00 
10.882   0.00   0.00   0.00 
10.892   0.00   0.00   0.00 
10.902   0.00   0.00   0.00 
10.912   0.00   0.00   0.00 
10.922   0.00   0.00   0.00 
10.932   0.00   0.00   0.00 
10.942   0.00   0.00   0.00 
10.952   0.00   0.00   0.00 
10.962   0.00   0.00   0.00 
10.972   0.00   0.00   0.00 
10.982   0.00   0.00   0.00 
10.992   0.00   0.00   0.00 
11.002   0.00   0.00   0.00 
11.012   0.00   0.00   0.00 
11.022   0.00   0.00   0.00 
11.032   0.00   0.00   0.00 
11.042   0.00   0.00   0.00 
11.052   0.00   0.00   0.00 
11.062   0.00   0.00   0.00 
11.072   0.00   0.00   0.00 
11.082   0.00   0.00   0.00 
11.092   0.00   0.00   0.00 
11.102   0.00   0.00   0.00 
11.112   0.00   0.00   0.00 
11.122   0.00   0.00   0.00 
11.132   0.00   0.00   0.00 
11.142   0.00   0.00   0.00 
11.152   0.00   0.00   0.00 
11.162   0.00   0.00   0.00 
11.172   0.00   0.00   0.00 
11.182   0.00   0.00   0.00 
11.192   0.00   0.00   0.00 
11.202   0.00   0.00   0.00 
11.212   0.00   0.00   0.00 
11.222   0.00   0.00   0.00 
11.232   0.00   0.00   0.00 
11.242   0.00   0.00   0.00 
11.252   0.00   0.00   0.00 
11.262   0.00   0.00   0.00 
11.272   0.00   0.00   0.00 
11.282   0.00   0.00   0.00 
11.292   0.00   0.00   0.00 
11.302   0.00   0.00   0.00 
11.312   0.00   0.00   0.00 
11.322   0.00   0.00   0.00 
11.332   0.00   0.00   0.00 
11.342   0.00   0.00   0.00 
11.352   0.00   0.00   0.00 
11.362   0.00   0.00   0.00 
11.372   0.00   0.00   0.00 
11.382   0.00   0.00   0.00 
11.392   0.00   0.00   0.00 
11.402   0.00   0.00   0.00 
11.412   0.00   0.00   0.00 
11.422   0.00   0.00   0.00 
11.432   0.00   0.00   0.00 
11.442   0.00   0.00   0.00 
11.452   0.00   0.00   0.00 
11.462   0.00   0.00   0.00 
11.472   0.00   0.00   0.00 
11.482   0.00   0.00   0.00 
11.492   0.00   0.00   0.00 
11.502   0.00   0.00   0.00 
11.512   0.00   0.00   0.00 
11.522   0.00   0.00   0.00 
11.532   0.00   0.00   0.00 
11.542   0.00   0.00   0.00 
11.552   0.00   0.00   0.00 
11.562   0.00   0.00   0.00 
11.572   0.00   0.00   0.00 
11.582   0.00   0.00   0.00 
11.592   0.00   0.00   0.00 
11.602   0.00   0.00   0.00 
11.612   0.00   0.00   0.00 
11.622   0.00   0.00   0.00 
11.632   0.00   0.00   0.00 
11.642   0.00   0.00   0.00 
11.652   0.00   0.00   0.00 
11.662   0.00   0.00   0.00 
11.672   0.00   0.00   0.00 
11.682   0.00   0.00   0.00 
11.692   0.00   0.00   0.00 
11.702   0.00   0.00   0.00 
11.712   0.00   0.00   0.00 
11.722   0.00   0.00   0.00 
11.732   0.00   0.00   0.00 
11.742   0.00   0.00   0.00 
11.752   0.00   0.00   0.00 
11.762   0.00   0.00   0.00 
11.772   0.00   0.00   0.00 
11.782   0.00   0.00   0.00 
11.792   0.00   0.00   0.00 
11.802   0.00   0.00   0.00 
11.812   0.00   0.00   0.00 
11.822   0.00   0.00   0.00 
11.832   0.00   0.00   0.00 
11.842   0.00   0.00   0.00 
11.852   0.00   0.00   0.00 
11.862   0.00   0.00   0.00 
11.872   0.00   0.00   0.00 
11.882   0.00   0.00   0.00 
11.892   0.00   0.00   0.00 
11.902   0.00   0.00   0.00 
11.912   0.00   0.00   0.00 
11.922   0.00   0.00   0.00 
11.932   0.00   0.00   0.00 
11.942   0.00   0.00   0.00 
11.952   0.00   0.00   0.00 
11.962   0.00   0.00   0.00 
11.972   0.00   0.00   0.00 
11.982   0.00   0.00   0.00 
11.992   0.00   0.00   0.00 
12.002   0.00   0.00   0.00 
12.012   0.00   0.00   0.00 
12.022   0.00   0.00   0.00 
12.032   0.00   0.00   0.00 
12.042   0.00   0.00   0.00 
12.052   0.00   0.00   0.00 
12.062   0.00   0.00   0.00 
12.072   0.00   0.00   0.00 
12.082   0.00   0.00   0.00 
12.092   0.00   0.00   0.00 
12.102   0.00   0.00   0.00 
12.112   0.00   0.00   0.00 
12.122   0.00   0.00   0.00 
12.132   0.00   0.00   0.00 
12.142   0.00   0.00   0.00 
12.152   0.00   0.00   0.00 
12.162   0.00   0.00   0.00 
12.172   0.00   0.00   0.00 
12.182   0.00   0.00   0.00 
12.192   0.00   0.00   0.00 
12.202   0.00   0.00   0.00 
12.212   0.00   0.00   0.00 
12.222   0.00   0.00   0.00 
12.232   0.00   0.00   0.00 
12.242   0.00   0.00   0.00 
12.252   0.00   0.00   0.00 
12.262   0.00   0.00   0.00 
12.272   0.00   0.00   0.00 
12.282   0.00   0.00   0.00 
12.292   0.00   0.00   0.00 
12.302   0.00   0.00   0.00 
12.312   0.00   0.00   0.00 
12.322   0.00   0.00   0.00 
12.332   0.00   0.00   0.00 
12.342   0.00   0.00   0.00 
12.352   0.00   0.00   0.00 
12.362   0.00   0.00   0.00 
12.372   0.00   0.00   0.00 
12.382   0.00   0.00   0.00 
12.392   0.00   0.00   0.00 
12.402   0.00   0.00   0.00 
12.412   0.00   0.00   0.00 
12.422   0.00   0.00   0.00 
12.432   0.00   0.00   0.00 
12.442   0.00   0.00   0.00 
12.452   0.00   0.00   0.00 
12.462   0.00   0.00   0.00 
12.472   0.00   0.00   0.00 
12.482   0.00   0.00   0.00 
12.492   0.00   0.00   0.00 
12.502   0.00   0.00   0.00 
12.512   0.00   0.00   0.00 
12.522   0.00   0.00   0.00 
12.532   0.00   0.00   0.00 
12.542   0.00   0.00   0.00 
12.552   0.00   0.00   0.00 
12.562   0.00   0.00   0.00 
12.572   0.00   0.00   0.00 
12.582   0.00   0.00   0.00 
12.592   0.00   0.00   0.00 
12.602   0.00   0.00   0.00 
12.612   0.00   0.00   0.00 
12.622   0.00   0.00   0.00 
12.632   0.00   0.00   0.00 
12.642   0.00   0.00   0.00 
12.652   0.00   0.00   0.00 
12.662   0.00   0.00   0.00 
12.672   0.00   0.00   0.00 
12.682   0.00   0.00   0.00 
12.692   0.00   0.00   0.00 
12.702   0.00   0.00   0.00 
12.712   0.00   0.00   0.00 
12.722   0.00   0.00   0.00 
12.732   0.00   0.00   0.00 
12.742   0.00   0.00   0.00 
12.752   0.00   0.00   0.00 
12.762   0.00   0.00   0.00 
12.772   0.00   0.00   0.00 
12.782   0.00   0.00   0.00 
12.792   0.00   0.00   0.00 
12.802   0.00   0.00   0.00 
12.812   0.00   0.00   0.00 
12.822   0.00   0.00   0.00 
12.832   0.00   0.00   0.00 
12.842   0.00   0.00   0.00 
12.852   0.00   0.00   0.00 
12.862   0.00   0.00   0.00 
12.872   0.00   0.00   0.00 
12.882   0.00   0.00   0.00 
12.892   0.00   0.00   0.00 
12.902   0.00   0.00   0.00 
12.912   0.00   0.00   0.00 
12.922   0.00   0.00   0.00 
12.932   0.00   0.00   0.00 
12.942   0.00   0.00   0.00 
12.952   0.00   0.00   0.00 
12.962   0.00   0.00   0.00 
12.972   0.00   0.00   0.00 
12.982   0.00   0.00   0.00 
12.992   0.00   0.00   0.00 
13.002   0.00   0.00   0.00 
13.012   0.00   0.00   0.00 
13.046   0.00   0.00   0.00 
13.056   0.00   0.00   0.00 
13.066   0.00   0.00   0.00 
13.076   0.00   0.00   0.00 
13.086   0.00   0.00   0.00 
13.096   0.00   0.00   0.00 
13.106   0.00   0.00   0.00 
13.116   0.00   0.00   0.00 
13.126   0.00   0.00   0.00 
13.136   0.00   0.00   0.00 
13.146   0.00   0.00   0.00 
13.156   0.00   0.00   0.00 
13.166   0.00   0.00   0.00 
13.176   0.00   0.00   0.00 
13.186   0.00   0.00   0.00 
13.196   0.00   0.00   0.00 
13.206   0.00   0.00   0.00 
13.216   0.00   0.00   0.00 
13.226   0.00   0.00   0.00 
13.236   0.00   0.00   0.00 
13.246   0.00   0.00   0.00 
13.256   0.00   0.00   0.00 
13.266   0.00   0.00   0.00 
13.276   0.00   0.00   0.00 
13.286   0.00   0.00   0.00 
13.296   0.00   0.00   0.00 
13.306   0.00   0.00   0.00 
13.316   0.00   0.00   0.00 
13.326   0.00   0.00   0.00 
13.336   0.00   0.00   0.00 
13.346   0.00   0.00   0.00 
13.356   0.00   0.00   0.00 
13.366   0.00   0.00   0.00 
13.376   0.00   0.00   0.00 
13.386   0.00   0.00   0.00 
13.396   0.00   0.00   0.00 
13.406   0.00   0.00   0.00 
13.416   0.00   0.00   0.00 
13.426   0.00   0.00   0.00 
13.436   0.00   0.00   0.00 
13.446   0.00   0.00   0.00 
13.456   0.00   0.00   0.00 
13.466   0.00   0.00   0.00 
13.476   0.00   0.00   0.00 
13.486   0.00   0.00   0.00 
13.496   0.00   0.00   0.00 
13.506   0.00   0.00   0.00 
13.516   0.00   0.00   0.00 
13.526   0.00   0.00   0.00 
13.536   0.00   0.00   0.00 
13.546   0.00   0.00   0.00 
13.556   0.00   0.00   0.00 
13.566   0.00   0.00   0.00 
13.576   0.00   0.00   0.00 
13.586   0.00   0.00   0.00 
13.596   0.00   0.00   0.00 
13.606   0.00   0.00   0.00 
13.616   0.00   0.00   0.00 
13.627   0.00   0.00   0.00 
13.636   0.00   0.00   0.00 
13.646   0.00   0.00   0.00 
13.656   0.00   0.00   0.00 
13.666   0.00   0.00   0.00 
13.676   0.00   0.00   0.00 
13.686   0.00   0.00   0.00 
13.696   0.00   0.00   0.00 
13.706   0.00   0.00   0.00 
13.716   0.00   0.00   0.00 
13.726   0.00   0.00   0.00 
13.736   0.00   0.00   0.00 
13.746   0.00   0.00   0.00 
13.756   0.00   0.00   0.00 
13.766   0.00   0.00   0.00 
13.776   0.00   0.00   0.00 
13.786   0.00   0.00   0.00 
13.796   0.00   0.00   0.00 
13.806   0.00   0.00   0.00 
13.816   0.00   0.00   0.00 
13.826   0.00   0.00   0.00 
13.836   0.00   0.00   0.00 
13.846   0.00   0.00   0.00 
13.856   0.00   0.00   0.00 
13.866   0.00   0.00   0.00 
13.876   0.00   0.00   0.00 
13.886   0.00   0.00   0.00 
13.896   0.00   0.00   0.00 
13.906   0.00   0.00   0.00 
13.916   0.00   0.00   0.00 
13.926   0.00   0.00   0.00 
13.936   0.00   0.00   0.00 
13.946   0.00   0.00   0.00 
13.956   0.00   0.00   0.00 
13.966   0.00   0.00   0.00 
13.976   0.00   0.00   0.00 
13.986   0.00   0.00   0.00 
13.997   0.00   0.00   0.00 
14.006   0.00   0.00   0.00 
14.016   0.00   0.00   0.00 
14.026   0.00   0.00   0.00 
14.036   0.00   0.00   0.00 
14.046   0.00   0.00   0.00 
14.056   0.00   0.00   0.00 
14.066   0.00   0.00   0.00 
14.076   0.00   0.00   0.00 
14.086   0.00   0.00   0.00 
14.096   0.00   0.00   0.00 
14.106   0.00   0.00   0.00 
14.116   0.00   0.00   0.00 
14.126   0.00   0.00   0.00 
14.136   0.00   0.00   0.00 
14.146   0.00   0.00   0.00 
14.156   0.00   0.00   0.00 
14.166   0.00   0.00   0.00 
14.176   0.00   0.00   0.00 
14.186   0.00   0.00   0.00 
14.196   0.00   0.00   0.00 
14.206   0.00   0.00   0.00 
14.216   0.00   0.00   0.00 
14.226   0.00   0.00   0.00 
14.236   0.00   0.00   0.00 
14.246   0.00   0.00   0.00 
14.256   0.00   0.00   0.00 
14.266   0.00   0.00   0.00 
14.276   0.00   0.00   0.00 
14.286   0.00   0.00   0.00 
14.296   0.00   0.00   0.00 
14.306   0.00   0.00   0.00 
14.316   0.00   0.00   0.00 
14.326   0.00   0.00   0.00 
14.336   0.00   0.00   0.00 
14.346   0.00   0.00   0.00 
14.356   0.00   0.00   0.00 
14.366   0.00   0.00   0.00 
14.376   0.00   0.00   0.00 
14.386   0.00   0.00   0.00 
14.396   0.00   0.00   0.00 
14.406   0.00   0.00   0.00 
14.416   0.00   0.00   0.00 
14.426   0.00   0.00   0.00 
14.436   0.00   0.00   0.00 
14.446   0.00   0.00   0.00 
14.456   0.00   0.00   0.00 
14.466   0.00   0.00   0.00 
14.476   0.00   0.00   0.00 
14.486   0.00   0.00   0.00 
14.496   0.00   0.00   0.00 
14.506   0.00   0.00   0.00 
14.516   0.00   0.00   0.00 
14.526   0.00   0.00   0.00 
14.536   0.00   0.00   0.00 
14.546   0.00   0.00   0.00 
14.556   0.00   0.00   0.00 
14.566   0.00   0.00   0.00 
14.576   0.00   0.00   0.00 
14.586   0.00   0.00   0.00 
14.596   0.00   0.00   0.00 
14.606   0.00   0.00   0.00 
14.616   0.00   0.00   0.00 
14.626   0.00   0.00   0.00 
14.636   0.00   0.00   0.00 
14.646   0.00   0.00   0.00 
14.656   0.00   0.00   0.00 
14.666   0.00   0.00   0.00 
14.676   0.00   0.00   0.00 
14.686   0.00   0.00   0.00 
14.696   0.00   0.00   0.00 
14.706   0.00   0.00   0.00 
14.716   0.00   0.00   0.00 
14.726   0.00   0.00   0.00 
14.736   0.00   0.00   0.00 
14.746   0.00   0.00   0.00 
14.756   0.00   0.00   0.00 
14.766   0.00   0.00   0.00 
14.776   0.00   0.00   0.00 
14.786   0.00   0.00   0.00 
14.796   0.00   0.00   0.00 
14.806   0.00   0.00   0.00 
14.816   0.00   0.00   0.00 
14.826   0.00   0.00   0.00 
14.836   0.00   0.00   0.00 
14.846   0.00   0.00   0.00 
14.856   0.00   0.00   0.00 
14.866   0.00   0.00   0.00 
14.876   0.00   0.00   0.00 
14.886   0.00   0.00   0.00 
14.896   0.00   0.00   0.00 
14.906   0.00   0.00   0.00 
14.916   0.00   0.00   0.00 
14.926   0.00   0.00   0.00 
14.936   0.00   0.00   0.00 
14.946   0.00   0.00   0.00 
14.956   0.00   0.00   0.00 
14.966   0.00   0.00   0.00 
14.976   0.00   0.00   0.00 
14.986   0.00   0.00   0.00 
14.996   0.00   0.00   0.00 
15.006   0.00   0.00   0.00 
15.016   0.00   0.00   0.00 
15.026   0.00   0.00   0.00 
15.036   0.00   0.00   0.00 
15.046   0.00   0.00   0.00 
15.056   0.00   0.00   0.00 
15.066   0.00   0.00   0.00 
15.076   0.00   0.00   0.00 
15.086   0.00   0.00   0.00 
15.096   0.00   0.00   0.00 
15.106   0.00   0.00   0.00 
15.116   0.00   0.00   0.00 
15.126   0.00   0.00   0.00 
15.136   0.00   0.00   0.00 
15.146   0.00   0.00   0.00 
15.156   0.00   0.00   0.00 
15.166   0.00   0.00   0.00 
15.176   0.00   0.00   0.00 
15.186   0.00   0.00   0.00 
15.196   0.00   0.00   0.00 
15.206   0.00   0.00   0.00 
15.216   0.00   0.00   0.00 
15.226   0.00   0.00   0.00 
15.236   0.00   0.00   0.00 
15.246   0.00   0.00   0.00 
15.256   0.00   0.00   0.00 
15.266   0.00   0.00   0.00 
15.276   0.00   0.00   0.00 
15.286   0.00   0.00   0.00 
15.296   0.00   0.00   0.00 
15.306   0.00   0.00   0.00 
15.316   0.00   0.00   0.00 
15.326   0.00   0.00   0.00 
15.336   0.00   0.00   0.00 
15.346   0.00   0.00   0.00 
15.356   0.00   0.00   0.00 
15.366   0.00   0.00   0.00 
15.376   0.00   0.00   0.00 
15.386   0.00   0.00   0.00 
15.396   0.00   0.00   0.00 
15.406   0.00   0.00   0.00 
15.416   0.00   0.00   0.00 
15.426   0.00   0.00   0.00 
15.436   0.00   0.00   0.00 
15.446   0.00   0.00   0.00 
15.456   0.00   0.00   0.00 
15.466   0.00   0.00   0.00 
15.476   0.00   0.00   0.00 
15.486   0.00   0.00   0.00 
15.496   0.00   0.00   0.00 
15.506   0.00   0.00   0.00 
15.516   0.00   0.00   0.00 
15.526   0.00   0.00   0.00 
15.536   0.00   0.00   0.00 
15.546   0.00   0.00   0.00 
15.556   0.00   0.00   0.00 
15.566   0.00   0.00   0.00 
15.576   0.00   0.00   0.00 
15.586   0.00   0.00   0.00 
15.596   0.00   0.00   0.00 
15.606   0.00   0.00   0.00 
15.616   0.00   0.00   0.00 
15.626   0.00   0.00   0.00 
15.636   0.00   0.00   0.00 
15.646   0.00   0.00   0.00 
15.656   0.00   0.00   0.00 
15.666   0.00   0.00   0.00 
15.676   0.00   0.00   0.00 
15.687   0.00   0.00   0.00 
15.696   0.00   0.00   0.00 
15.706   0.00   0.00   0.00 
15.716   0.00   0.00   0.00 
15.726   0.00   0.00   0.00 
15.736   0.00   0.00   0.00 
15.746   0.00   0.00   0.00 
15.756   0.00   0.00   0.00 
15.766   0.00   0.00   0.00 
15.776   0.00   0.00   0.00 
15.786   0.00   0.00   0.00 
15.796   0.00   0.00   0.00 
15.806   0.00   0.00   0.00 
15.816   0.00   0.00   0.00 
15.826   0.00   0.00   0.00 
15.836   0.00   0.00   0.00 
15.846   0.00   0.00   0.00 
15.856   0.00   0.00   0.00 
15.866   0.00   0.00   0.00 
15.876   0.00   0.00   0.00 
15.886   0.00   0.00   0.00 
15.896   0.00   0.00   0.00 
15.906   0.00   0.00   0.00 
15.916   0.00   0.00   0.00 
15.926   0.00   0.00   0.00 
15.936   0.00   0.00   0.00 
15.946   0.00   0.00   0.00 
15.956   0.00   0.00   0.00 
15.966   0.00   0.00   0.00 
15.976   0.00   0.00   0.00 
15.986   0.00   0.00   0.00 
15.996   0.00   0.00   0.00 
16.006   0.00   0.00   0.00 
16.016   0.00   0.00   0.00 
16.026   0.00   0.00   0.00 
16.036   0.00   0.00   0.00 
16.046   0.00   0.00   0.00 
16.056   0.00   0.00   0.00 
16.066   0.00   0.00   0.00 
16.076   0.00   0.00   0.00 
16.086   0.00   0.00   0.00 
16.096   0.00   0.00   0.00 
16.106   0.00   0.00   0.00 
16.116   0.00   0.00   0.00 
16.126   0.00   0.00   0.00 
16.136   0.00   0.00   0.00 
16.146   0.00   0.00   0.00 
16.156   0.00   0.00   0.00 
16.166   0.00   0.00   0.00 
16.176   0.00   0.00   0.00 
16.186   0.00   0.00   0.00 
16.196   0.00   0.00   0.00 
16.206   0.00   0.00   0.00 
16.216   0.00   0.00   0.00 
16.226   0.00   0.00   0.00 
16.236   0.00   0.00   0.00 
16.246   0.00   0.00   0.00 
16.256   0.00   0.00   0.00 
16.266   0.00   0.00   0.00 
16.276   0.00   0.00   0.00 
16.286   0.00   0.00   0.00 
16.296   0.00   0.00   0.00 
16.306   0.00   0.00   0.00 
16.316   0.00   0.00   0.00 
16.326   0.00   0.00   0.00 
16.336   0.00   0.00   0.00 
16.346   0.00   0.00   0.00 
16.356   0.00   0.00   0.00 
16.366   0.00   0.00   0.00 
16.376   0.00   0.00   0.00 
16.386   0.00   0.00   0.00 
16.396   0.00   0.00   0.00 
16.406   0.00   0.00   0.00 
16.416   0.00   0.00   0.00 
16.426   0.00   0.00   0.00 
16.436   0.00   0.00   0.00 
16.446   0.00   0.00   0.00 
16.456   0.00   0.00   0.00 
16.466   0.00   0.00   0.00 
16.476   0.00   0.00   0.00 
16.486   0.00   0.00   0.00 
16.496   0.00   0.00   0.00 
16.506   0.00   0.00   0.00 
16.516   0.00   0.00   0.00 
16.526   0.00   0.00   0.00 
16.536   0.00   0.00   0.00 
16.546   0.00   0.00   0.00 
16.556   0.00   0.00   0.00 
16.566   0.00   0.00   0.00 
16.577   0.00   0.00   0.00 
16.586   0.00   0.00   0.00 
16.596   0.00   0.00   0.00 
16.606   0.00   0.00   0.00 
16.616   0.00   0.00   0.00 
16.626   0.00   0.00   0.00 
16.636   0.00   0.00   0.00 
16.646   0.00   0.00   0.00 
16.656   0.00   0.00   0.00 
16.666   0.00   0.00   0.00 
16.676   0.00   0.00   0.00 
16.686   0.00   0.00   0.00 
16.696   0.00   0.00   0.00 
16.706   0.00   0.00   0.00 
16.716   0.00   0.00   0.00 
16.726   0.00   0.00   0.00 
16.736   0.00   0.00   0.00 
16.746   0.00   0.00   0.00 
16.756   0.00   0.00   0.00 
16.766   0.00   0.00   0.00 
16.776   0.00   0.00   0.00 
16.786   0.00   0.00   0.00 
16.796   0.00   0.00   0.00 
16.806   0.00   0.00   0.00 
16.816   0.00   0.00   0.00 
16.826   0.00   0.00   0.00 
16.836   0.00   0.00   0.00 
16.846   0.00   0.00   0.00 
16.856   0.00   0.00   0.00 
16.866   0.00   0.00   0.00 
16.876   0.00   0.00   0.00 
16.886   0.00   0.00   0.00 
16.896   0.00   0.00   0.00 
16.906   0.00   0.00   0.00 
16.916   0.00   0.00   0.00 
16.926   0.00   0.00   0.00 
16.936   0.00   0.00   0.00 
16.946   0.00   0.00   0.00 
16.956   0.00   0.00   0.00 
16.966   0.00   0.00   0.00 
16.976   0.00   0.00   0.00 
16.986   0.00   0.00   0.00 
16.996   0.00   0.00   0.00 
17.006   0.00   0.00   0.00 
17.016   0.00   0.00   0.00 
17.026   0.00   0.00   0.00 
17.036   0.00   0.00   0.00 
17.046   0.00   0.00   0.00 
17.056   0.00   0.00   0.00 
17.066   0.00   0.00   0.00 
17.076   0.00   0.00   0.00 
17.086   0.00   0.00   0.00 
17.096   0.00   0.00   0.00 
17.106   0.00   0.00   0.00 
17.116   0.00   0.00   0.00 
17.126   0.00   0.00   0.00 
17.136   0.00   0.00   0.00 
17.146   0.00   0.00   0.00 
17.156   0.00   0.00   0.00 
17.166   0.00   0.00   0.00 
17.176   0.00   0.00   0.00 
17.186   0.00   0.00   0.00 
17.196   0.00   0.00   0.00 
17.206   0.00   0.00   0.00 
17.216   0.00   0.00   0.00 
17.226   0.00   0.00   0.00 
17.236   0.00   0.00   0.00 
17.246   0.00   0.00   0.00 
17.256   0.00   0.00   0.00 
17.266   0.00   0.00   0.00 
17.276   0.00   0.00   0.00 
17.286   0.00   0.00   0.00 
17.296   0.00   0.00   0.00 
17.306   0.00   0.00   0.00 
17.316   0.00   0.00   0.00 
17.326   0.00   0.00   0.00 
17.336   0.00   0.00   0.00 
17.346   0.00   0.00   0.00 
17.356   0.00   0.00   0.00 
17.366   0.00   0.00   0.00 
17.376   0.00   0.00   0.00 
17.386   0.00   0.00   0.00 
17.396   0.00   0.00   0.00 
17.406   0.00   0.00   0.00 
17.416   0.00   0.00   0.00 
17.426   0.00   0.00   0.00 
17.436   0.00   0.00   0.00 
17.446   0.00   0.00   0.00 
17.456   0.00   0.00   0.00 
17.466   0.00   0.00   0.00 
17.476   0.00   0.00   0.00 
17.486   0.00   0.00   0.00 
17.496   0.00   0.00   0.00 
17.506   0.00   0.00   0.00 
17.516   0.00   0.00   0.00 
17.526   0.00   0.00   0.00 
17.536   0.00   0.00   0.00 
17.546   0.00   0.00   0.00 
17.556   0.00   0.00   0.00 
17.566   0.00   0.00   0.00 
17.576   0.00   0.00   0.00 
17.586   0.00   0.00   0.00 
17.596   0.00   0.00   0.00 
17.606   0.00   0.00   0.00 
17.616   0.00   0.00   0.00 
17.626   0.00   0.00   0.00 
17.636   0.00   0.00   0.00 
17.646   0.00   0.00   0.00 
17.656   0.00   0.00   0.00 
17.666   0.00   0.00   0.00 
17.676   0.00   0.00   0.00 
17.686   0.00   0.00   0.00 
17.696   0.00   0.00   0.00 
17.706   0.00   0.00   0.00 
17.716   0.00   0.00   0.00 
17.726   0.00   0.00   0.00 
17.736   0.00   0.00   0.00 
17.746   0.00   0.00   0.00 
17.756   0.00   0.00   0.00 
17.766   0.00   0.00   0.00 
17.776   0.00   0.00   0.00 
17.786   0.00   0.00   0.00 
17.796   0.00   0.00   0.00 
17.806   0.00   0.00   0.00 
17.816   0.00   0.00   0.00 
17.826   0.00   0.00   0.00 
17.836   0.00   0.00   0.00 
17.846   0.00   0.00   0.00 
17.856   0.00   0.00   0.00 
17.866   0.00   0.00   0.00 
17.876   0.00   0.00   0.00 
17.886   0.00   0.00   0.00 
17.896   0.00   0.00   0.00 
17.906   0.00   0.00   0.00 
17.916   0.00   0.00   0.00 
17.926   0.00   0.00   0.00 
17.936   0.00   0.00   0.00 
17.946   0.00   0.00   0.00 
17.956   0.00   0.00   0.00 
17.966   0.00   0.00   0.00 
17.976   0.00   0.00   0.00 
17.986   0.00   0.00   0.00 
17.996   0.00   0.00   0.00 
18.006   0.00   0.00   0.00 
18.016   0.00   0.00   0.00 
18.051   0.00   0.00   0.00 
18.062   0.00   0.00   0.00 
18.072   0.00   0.00   0.00 
18.082   0.00   0.00   0.00 
18.092   0.00   0.00   0.00 
18.102   0.00   0.00   0.00 
18.112   0.00   0.00   0.00 
18.122   0.00   0.00   0.00 
18.132   0.00   0.00   0.00 
18.142   0.00   0.00   0.00 
18.152   0.00   0.00   0.00 
18.162   0.00   0.00   0.00 
18.172   0.00   0.00   0.00 
18.182   0.00   0.00   0.00 
18.192   0.00   0.00   0.00 
18.202   0.00   0.00   0.00 
18.212   0.00   0.00   0.00 
18.222   0.00   0.00   0.00 
18.232   0.00   0.00   0.00 
18.242   0.00   0.00   0.00 
18.252   0.00   0.00   0.00 
18.262   0.00   0.00   0.00 
18.272   0.00   0.00   0.00 
18.282   0.00   0.00   0.00 
18.292   0.00   0.00   0.00 
18.302   0.00   0.00   0.00 
18.311   0.00   0.00   0.00 
18.322   0.00   0.00   0.00 
18.331   0.00   0.00   0.00 
18.342   0.00   0.00   0.00 
18.352   0.00   0.00   0.00 
18.362   0.00   0.00   0.00 
18.372   0.00   0.00   0.00 
18.382   0.00   0.00   0.00 
18.392   0.00   0.00   0.00 
18.402   0.00   0.00   0.00 
18.411   0.00   0.00   0.00 
18.422   0.00   0.00   0.00 
18.432   0.00   0.00   0.00 
18.442   0.00   0.00   0.00 
18.452   0.00   0.00   0.00 
18.462   0.00   0.00   0.00 
18.472   0.00   0.00   0.00 
18.482   0.00   0.00   0.00 
18.492   0.00   0.00   0.00 
18.502   0.00   0.00   0.00 
18.512   0.00   0.00   0.00 
18.522   0.00   0.00   0.00 
18.532   0.00   0.00   0.00 
18.542   0.00   0.00   0.00 
18.552   0.00   0.00   0.00 
18.562   0.00   0.00   0.00 
18.572   0.00   0.00   0.00 
18.582   0.00   0.00   0.00 
18.592   0.00   0.00   0.00 
18.602   0.00   0.00   0.00 
18.612   0.00   0.00   0.00 
18.622   0.00   0.00   0.00 
18.632   0.00   0.00   0.00 
18.642   0.00   0.00   0.00 
18.652   0.00   0.00   0.00 
18.662   0.00   0.00   0.00 
