t    x     y    deg 
0.000   0.00   0.00   0.00 
0.000   0.00   0.00   0.00 
0.010   0.00   0.00   0.00 
0.020   0.00   0.00   0.00 
0.030   0.00   0.00   0.00 
0.040   0.00   0.00   0.00 
0.050   0.00   0.00   0.00 
0.072   0.00   0.00   0.00 
0.076   0.00   0.00   0.00 
0.126   0.00   0.00   0.00 
0.126   0.00   0.00   0.00 
0.136   0.00   0.00   0.00 
0.176   0.00   0.00   0.00 
0.176   0.00   0.00   0.00 
0.208   0.00   0.00   0.00 
0.208   0.00   0.00   0.00 
0.208   0.00   0.00   0.00 
0.224   0.00   0.00   0.00 
0.226   0.00   0.00   0.00 
0.236   0.00   0.00   0.00 
0.246   0.00   0.00   0.00 
0.256   0.00   0.00   0.00 
0.272   0.00   0.00   0.00 
0.276   0.00   0.00   0.00 
0.300   0.00   0.00   0.00 
0.300   0.00   0.00   0.00 
0.327   0.00   0.00   0.00 
0.327   0.00   0.00   0.00 
0.327   0.00   0.00   0.00 
0.377   0.00   0.00   0.00 
0.377   0.00   0.00   0.00 
0.387   0.00   0.00   0.00 
0.424   0.00   0.00   0.00 
0.424   0.00   0.00   0.00 
0.424   0.00   0.00   0.00 
0.427   0.00   0.00   0.00 
0.456   0.00   0.00   0.00 
0.460   0.00   0.00   0.00 
0.464   0.00   0.00   0.00 
0.472   0.00   0.00   0.00 
0.492   0.00   0.00   0.00 
0.492   0.00   0.00   0.00 
0.519   0.00   0.00   0.00 
0.524   0.00   0.00   0.00 
0.551   0.00   0.00   0.00 
0.551   0.00   0.00   0.00 
0.573   0.00   0.00   0.00 
0.573   0.00   0.00   0.00 
0.582   0.00   0.00   0.00 
0.592   0.00   0.00   0.00 
0.616   0.00   0.00   0.00 
0.616   0.00   0.00   0.00 
0.621   0.00   0.00   0.00 
0.640   0.00   0.00   0.00 
0.668   0.00   0.00   0.00 
0.668   0.00   0.00   0.00 
0.668   0.00   0.00   0.00 
0.671   0.00   0.00   0.00 
0.691   0.00   0.00   0.00 
0.699   0.00   0.00   0.00 
0.741   0.00   0.00   0.00 
0.741   0.00   0.00   0.00 
0.780   0.00   0.00   0.00 
0.780   0.00   0.00   0.00 
0.780   0.00   0.00   0.00 
0.791   0.00   0.00   0.00 
0.791   0.00   0.00   0.00 
0.824   0.00   0.00   0.00 
0.824   0.00   0.00   0.00 
0.824   0.00   0.00   0.00 
0.836   0.00   0.00   0.00 
0.841   0.00   0.00   0.00 
0.860   0.00   0.00   0.00 
0.884   0.00   0.00   0.00 
0.884   0.00   0.00   0.00 
0.884   0.00   0.00   0.00 
0.891   0.00   0.00   0.00 
0.901   0.00   0.00   0.00 
0.941   0.00   0.00   0.00 
0.948   0.00   0.00   0.00 
0.958   0.00   0.00   0.00 
0.968   0.00   0.00   0.00 
0.984   0.00   0.00   0.00 
0.991   0.00   0.00   0.00 
1.020   0.00   0.00   0.00 
1.020   0.00   0.00   0.00 
1.020   0.00   0.00   0.00 
1.028   0.00   0.00   0.00 
1.038   0.00   0.00   0.00 
1.050   0.00   0.00   0.00 
1.072   0.00   0.00   0.00 
1.072   0.00   0.00   0.00 
1.078   0.00   0.00   0.00 
1.098   0.00   0.00   0.00 
1.098   0.00   0.00   0.00 
1.148   0.00   0.00   0.00 
1.148   0.00   0.00   0.00 
1.184   0.00   0.00   0.00 
1.184   0.00   0.00   0.00 
1.184   0.00   0.00   0.00 
1.202   0.00   0.00   0.00 
1.204   0.00   0.00   0.00 
1.247   0.00   0.00   0.00 
1.247   0.00   0.00   0.00 
1.263   0.00   0.00   0.00 
1.302   0.00   0.00   0.00 
1.302   0.00   0.00   0.00 
1.316   0.00   0.00   0.00 
1.352   0.00   0.00   0.00 
1.365   0.00   0.00   0.00 
1.374   0.00   0.00   0.00 
1.402   0.00   0.00   0.00 
1.403   0.00   0.00   0.00 
1.403   0.00   0.00   0.00 
1.412   0.00   0.00   0.00 
1.423   0.00   0.00   0.00 
1.444   0.00   0.00   0.00 
1.452   0.00   0.00   0.00 
1.453   0.00   0.00   0.00 
1.462   0.00   0.00   0.00 
1.489   0.00   0.00   0.00 
1.501   0.00   0.00   0.00 
1.501   0.00   0.00   0.00 
1.503   0.00   0.00   0.00 
1.516   0.00   0.00   0.00 
1.533   0.00   0.00   0.00 
1.536   0.00   0.00   0.00 
1.561   0.00   0.00   0.00 
1.562   0.00   0.00   0.00 
1.565   0.00   0.00   0.00 
1.575   0.00   0.00   0.00 
1.587   0.00   0.00   0.00 
1.600   0.00   0.00   0.00 
1.603   0.00   0.00   0.00 
1.612   0.00   0.00   0.00 
1.622   0.00   0.00   0.00 
1.632   0.00   0.00   0.00 
1.642   0.00   0.00   0.00 
1.652   0.00   0.00   0.00 
1.662   0.00   0.00   0.00 
1.672   0.00   0.00   0.00 
1.682   0.00   0.00   0.00 
1.692   0.00   0.00   0.00 
1.702   0.00   0.00   0.00 
1.712   0.00   0.00   0.00 
1.722   0.00   0.00   0.00 
1.732   0.00   0.00   0.00 
1.742   0.00   0.00   0.00 
1.753   0.00   0.00   0.00 
1.762   0.00   0.00   0.00 
1.773   0.00   0.00   0.00 
1.793   0.00   0.00   0.00 
1.793   0.00   0.00   0.00 
1.802   0.00   0.00   0.00 
1.820   0.00   0.00   0.00 
1.843   0.00   0.00   0.00 
1.843   0.00   0.00   0.00 
1.843   0.00   0.00   0.00 
1.857   0.00   0.00   0.00 
1.869   0.00   0.00   0.00 
1.872   0.00   0.00   0.00 
1.882   0.00   0.00   0.00 
1.893   0.00   0.00   0.00 
1.912   0.00   0.00   0.00 
1.912   0.00   0.00   0.00 
1.943   0.00   0.00   0.00 
1.943   0.00   0.00   0.00 
1.943   0.00   0.00   0.00 
1.956   0.00   0.00   0.00 
1.984   0.00   0.00   0.00 
1.996   0.00   0.00   0.00 
2.004   0.00   0.00   0.00 
2.020   0.00   0.00   0.00 
2.046   0.00   0.00   0.00 
2.046   0.00   0.00   0.00 
2.046   0.00   0.00   0.00 
2.054   0.00   0.00   0.00 
2.066   0.00   0.00   0.00 
2.074   0.00   0.00   0.00 
2.086   0.00   0.00   0.00 
2.094   0.00   0.00   0.00 
2.104   0.00   0.00   0.00 
2.114   0.00   0.00   0.00 
2.124   0.00   0.00   0.00 
2.134   0.00   0.00   0.00 
2.144   0.00   0.00   0.00 
2.154   0.00   0.00   0.00 
2.166   0.00   0.00   0.00 
2.174   0.00   0.00   0.00 
2.194   0.00   0.00   0.00 
2.210   0.00   0.00   0.00 
2.210   0.00   0.00   0.00 
2.214   0.00   0.00   0.00 
2.224   0.00   0.00   0.00 
2.234   0.00   0.00   0.00 
2.244   0.00   0.00   0.00 
2.254   0.00   0.00   0.00 
2.276   0.00   0.00   0.00 
2.276   0.00   0.00   0.00 
2.296   0.00   0.00   0.00 
2.296   0.00   0.00   0.00 
2.308   0.00   0.00   0.00 
2.346   0.00   0.00   0.00 
2.346   0.00   0.00   0.00 
2.364   0.00   0.00   0.00 
2.396   0.00   0.00   0.00 
2.446   0.00   0.00   0.00 
2.488   0.00   0.00   0.00 
2.488   0.00   0.00   0.00 
2.498   0.00   0.00   0.00 
2.520   0.00   0.00   0.00 
2.532   0.00   0.00   0.00 
2.532   0.00   0.00   0.00 
2.549   0.00   0.00   0.00 
2.549   0.00   0.00   0.00 
2.558   0.00   0.00   0.00 
2.573   0.00   0.00   0.00 
2.579   0.00   0.00   0.00 
2.588   0.00   0.00   0.00 
2.601   0.00   0.00   0.00 
2.617   0.00   0.00   0.00 
2.618   0.00   0.00   0.00 
2.648   0.00   0.00   0.00 
2.648   0.00   0.00   0.00 
2.648   0.00   0.00   0.00 
2.658   0.00   0.00   0.00 
2.672   0.00   0.00   0.00 
2.678   0.00   0.00   0.00 
2.688   0.00   0.00   0.00 
2.698   0.00   0.00   0.00 
2.708   0.00   0.00   0.00 
2.732   0.00   0.00   0.00 
2.732   0.00   0.00   0.00 
2.760   0.00   0.00   0.00 
2.800   0.00   0.00   0.00 
2.810   0.00   0.00   0.00 
2.836   0.00   0.00   0.00 
2.836   0.00   0.00   0.00 
2.840   0.00   0.00   0.00 
2.854   0.00   0.00   0.00 
2.861   0.00   0.00   0.00 
2.870   0.00   0.00   0.00 
2.880   0.00   0.00   0.00 
2.897   0.00   0.00   0.00 
2.900   0.00   0.00   0.00 
2.911   0.00   0.00   0.00 
2.941   0.00   0.00   0.00 
2.951   0.00   0.00   0.00 
2.961   0.00   0.00   0.00 
2.972   0.00   0.00   0.00 
2.985   0.00   0.00   0.00 
3.000   0.00   0.00   0.00 
3.008   0.00   0.00   0.00 
3.011   0.00   0.00   0.00 
3.028   0.00   0.00   0.00 
3.040   0.00   0.00   0.00 
3.041   0.00   0.00   0.00 
3.054   0.00   0.00   0.00 
3.061   0.00   0.00   0.00 
3.073   0.00   0.00   0.00 
3.082   0.00   0.00   0.00 
3.091   0.00   0.00   0.00 
3.124   0.00   0.00   0.00 
3.128   0.00   0.00   0.00 
3.144   0.00   0.00   0.00 
3.144   0.00   0.00   0.00 
3.144   0.00   0.00   0.00 
3.151   0.00   0.00   0.00 
3.172   0.00   0.00   0.00 
3.172   0.00   0.00   0.00 
3.216   0.00   0.00   0.00 
3.216   0.00   0.00   0.00 
3.228   0.00   0.00   0.00 
3.236   0.00   0.00   0.00 
3.246   0.00   0.00   0.00 
3.278   0.00   0.00   0.00 
3.278   0.00   0.00   0.00 
3.278   0.00   0.00   0.00 
3.286   0.00   0.00   0.00 
3.328   0.00   0.00   0.00 
3.328   0.00   0.00   0.00 
3.364   0.00   0.00   0.00 
3.372   0.00   0.00   0.00 
3.400   0.00   0.00   0.00 
3.400   0.00   0.00   0.00 
3.429   0.00   0.00   0.00 
3.429   0.00   0.00   0.00 
3.429   0.00   0.00   0.00 
3.432   0.00   0.00   0.00 
3.479   0.00   0.00   0.00 
3.479   0.00   0.00   0.00 
3.489   0.00   0.00   0.00 
3.512   0.00   0.00   0.00 
3.512   0.00   0.00   0.00 
3.529   0.00   0.00   0.00 
3.529   0.00   0.00   0.00 
3.580   0.00   0.00   0.00 
3.580   0.00   0.00   0.00 
3.596   0.00   0.00   0.00 
3.600   0.00   0.00   0.00 
3.621   0.00   0.00   0.00 
3.621   0.00   0.00   0.00 
3.632   0.00   0.00   0.00 
3.664   0.00   0.00   0.00 
3.714   0.00   0.00   0.00 
3.724   0.00   0.00   0.00 
3.756   0.00   0.00   0.00 
3.764   0.00   0.00   0.00 
3.776   0.00   0.00   0.00 
3.808   0.00   0.00   0.00 
3.808   0.00   0.00   0.00 
3.808   0.00   0.00   0.00 
3.814   0.00   0.00   0.00 
3.836   0.00   0.00   0.00 
3.836   0.00   0.00   0.00 
3.848   0.00   0.00   0.00 
3.854   0.00   0.00   0.00 
3.864   0.00   0.00   0.00 
3.874   0.00   0.00   0.00 
3.884   0.00   0.00   0.00 
3.915   0.00   0.00   0.00 
3.928   0.00   0.00   0.00 
3.935   0.00   0.00   0.00 
3.947   0.00   0.00   0.00 
3.965   0.00   0.00   0.00 
3.965   0.00   0.00   0.00 
4.005   0.00   0.00   0.00 
4.005   0.00   0.00   0.00 
4.024   0.00   0.00   0.00 
4.028   0.00   0.00   0.00 
4.035   0.00   0.00   0.00 
4.056   0.00   0.00   0.00 
4.065   0.00   0.00   0.00 
4.079   0.00   0.00   0.00 
4.081   0.00   0.00   0.00 
4.085   0.00   0.00   0.00 
4.111   0.00   0.00   0.00 
4.137   0.00   0.00   0.00 
4.147   0.00   0.00   0.00 
4.184   0.00   0.00   0.00 
4.184   0.00   0.00   0.00 
4.184   0.00   0.00   0.00 
4.197   0.00   0.00   0.00 
4.197   0.00   0.00   0.00 
4.208   0.00   0.00   0.00 
4.217   0.00   0.00   0.00 
4.227   0.00   0.00   0.00 
4.238   0.00   0.00   0.00 
4.247   0.00   0.00   0.00 
4.292   0.00   0.00   0.00 
4.292   0.00   0.00   0.00 
4.324   0.00   0.00   0.00 
4.324   0.00   0.00   0.00 
4.324   0.00   0.00   0.00 
4.336   0.00   0.00   0.00 
4.348   0.00   0.00   0.00 
4.352   0.00   0.00   0.00 
4.372   0.00   0.00   0.00 
4.384   0.00   0.00   0.00 
4.384   0.00   0.00   0.00 
4.398   0.00   0.00   0.00 
4.404   0.00   0.00   0.00 
4.424   0.00   0.00   0.00 
4.424   0.00   0.00   0.00 
4.432   0.00   0.00   0.00 
4.448   0.00   0.00   0.00 
4.468   0.00   0.00   0.00 
4.468   0.00   0.00   0.00 
4.484   0.00   0.00   0.00 
4.484   0.00   0.00   0.00 
4.505   0.00   0.00   0.00 
4.505   0.00   0.00   0.00 
4.512   0.00   0.00   0.00 
4.524   0.00   0.00   0.00 
4.555   0.00   0.00   0.00 
4.571   0.00   0.00   0.00 
4.581   0.00   0.00   0.00 
4.591   0.00   0.00   0.00 
4.604   0.00   0.00   0.00 
4.611   0.00   0.00   0.00 
4.624   0.00   0.00   0.00 
4.631   0.00   0.00   0.00 
4.656   0.00   0.00   0.00 
4.656   0.00   0.00   0.00 
4.680   0.00   0.00   0.00 
4.680   0.00   0.00   0.00 
4.681   0.00   0.00   0.00 
4.692   0.00   0.00   0.00 
4.701   0.00   0.00   0.00 
4.724   0.00   0.00   0.00 
4.732   0.00   0.00   0.00 
4.732   0.00   0.00   0.00 
4.742   0.00   0.00   0.00 
4.764   0.00   0.00   0.00 
4.764   0.00   0.00   0.00 
4.792   0.00   0.00   0.00 
4.792   0.00   0.00   0.00 
4.792   0.00   0.00   0.00 
4.842   0.00   0.00   0.00 
4.842   0.00   0.00   0.00 
4.854   0.00   0.00   0.00 
4.872   0.00   0.00   0.00 
4.892   0.00   0.00   0.00 
4.892   0.00   0.00   0.00 
4.892   0.00   0.00   0.00 
4.905   0.00   0.00   0.00 
4.940   0.00   0.00   0.00 
4.943   0.00   0.00   0.00 
4.956   0.00   0.00   0.00 
4.963   0.00   0.00   0.00 
4.993   0.00   0.00   0.00 
5.043   0.00   0.00   0.00 
5.093   0.00   0.00   0.00 
5.109   0.00   0.00   0.00 
5.136   0.00   0.00   0.00 
5.136   0.00   0.00   0.00 
5.136   0.00   0.00   0.00 
5.144   0.00   0.00   0.00 
5.178   0.00   0.00   0.00 
5.178   0.00   0.00   0.00 
5.178   0.00   0.00   0.00 
5.184   0.00   0.00   0.00 
5.205   0.00   0.00   0.00 
5.205   0.00   0.00   0.00 
5.234   0.00   0.00   0.00 
5.234   0.00   0.00   0.00 
5.234   0.00   0.00   0.00 
5.252   0.00   0.00   0.00 
5.284   0.00   0.00   0.00 
5.284   0.00   0.00   0.00 
5.296   0.00   0.00   0.00 
5.304   0.00   0.00   0.00 
5.314   0.00   0.00   0.00 
5.334   0.00   0.00   0.00 
5.360   0.00   0.00   0.00 
5.385   0.00   0.00   0.00 
5.385   0.00   0.00   0.00 
5.392   0.00   0.00   0.00 
5.412   0.00   0.00   0.00 
5.415   0.00   0.00   0.00 
5.453   0.00   0.00   0.00 
5.460   0.00   0.00   0.00 
5.485   0.00   0.00   0.00 
5.485   0.00   0.00   0.00 
5.512   0.00   0.00   0.00 
5.512   0.00   0.00   0.00 
5.512   0.00   0.00   0.00 
5.520   0.00   0.00   0.00 
5.535   0.00   0.00   0.00 
5.556   0.00   0.00   0.00 
5.556   0.00   0.00   0.00 
5.564   0.00   0.00   0.00 
5.584   0.00   0.00   0.00 
5.584   0.00   0.00   0.00 
5.605   0.00   0.00   0.00 
5.605   0.00   0.00   0.00 
5.610   0.00   0.00   0.00 
5.628   0.00   0.00   0.00 
5.638   0.00   0.00   0.00 
5.646   0.00   0.00   0.00 
5.661   0.00   0.00   0.00 
5.661   0.00   0.00   0.00 
5.677   0.00   0.00   0.00 
5.709   0.00   0.00   0.00 
5.709   0.00   0.00   0.00 
5.709   0.00   0.00   0.00 
5.710   0.00   0.00   0.00 
5.720   0.00   0.00   0.00 
5.736   0.00   0.00   0.00 
5.752   0.00   0.00   0.00 
5.752   0.00   0.00   0.00 
5.760   0.00   0.00   0.00 
5.770   0.00   0.00   0.00 
5.780   0.00   0.00   0.00 
5.808   0.00   0.00   0.00 
5.809   0.00   0.00   0.00 
5.810   0.00   0.00   0.00 
5.820   0.00   0.00   0.00 
5.859   0.00   0.00   0.00 
5.868   0.00   0.00   0.00 
5.908   0.00   0.00   0.00 
5.955   0.00   0.00   0.00 
5.959   0.00   0.00   0.00 
5.972   0.00   0.00   0.00 
5.979   0.00   0.00   0.00 
6.004   0.00   0.00   0.00 
6.004   0.00   0.00   0.00 
6.009   0.00   0.00   0.00 
6.028   0.00   0.00   0.00 
6.029   0.00   0.00   0.00 
6.039   0.00   0.00   0.00 
6.060   0.00   0.00   0.00 
6.076   0.00   0.00   0.00 
6.076   0.00   0.00   0.00 
6.079   0.00   0.00   0.00 
6.089   0.00   0.00   0.00 
6.099   0.00   0.00   0.00 
6.109   0.00   0.00   0.00 
6.120   0.00   0.00   0.00 
6.149   0.00   0.00   0.00 
6.149   0.00   0.00   0.00 
6.153   0.00   0.00   0.00 
6.159   0.00   0.00   0.00 
6.172   0.00   0.00   0.00 
6.180   0.00   0.00   0.00 
6.192   0.00   0.00   0.00 
6.207   0.00   0.00   0.00 
6.239   0.00   0.00   0.00 
6.240   0.00   0.00   0.00 
6.271   0.00   0.00   0.00 
6.284   0.00   0.00   0.00 
6.300   0.00   0.00   0.00 
6.304   0.00   0.00   0.00 
6.314   0.00   0.00   0.00 
6.332   0.00   0.00   0.00 
6.338   0.00   0.00   0.00 
6.348   0.00   0.00   0.00 
6.384   0.00   0.00   0.00 
6.384   0.00   0.00   0.00 
6.394   0.00   0.00   0.00 
6.412   0.00   0.00   0.00 
6.444   0.00   0.00   0.00 
6.494   0.00   0.00   0.00 
6.494   0.00   0.00   0.00 
6.504   0.00   0.00   0.00 
6.544   0.00   0.00   0.00 
6.576   0.00   0.00   0.00 
6.586   0.00   0.00   0.00 
6.596   0.00   0.00   0.00 
6.606   0.00   0.00   0.00 
6.616   0.00   0.00   0.00 
6.626   0.00   0.00   0.00 
6.636   0.00   0.00   0.00 
6.646   0.00   0.00   0.00 
6.656   0.00   0.00   0.00 
6.666   0.00   0.00   0.00 
6.692   0.00   0.00   0.00 
6.712   0.00   0.00   0.00 
6.753   0.00   0.00   0.00 
6.765   0.00   0.00   0.00 
6.773   0.00   0.00   0.00 
6.796   0.00   0.00   0.00 
6.796   0.00   0.00   0.00 
6.815   0.00   0.00   0.00 
6.815   0.00   0.00   0.00 
6.864   0.00   0.00   0.00 
6.864   0.00   0.00   0.00 
6.900   0.00   0.00   0.00 
6.900   0.00   0.00   0.00 
6.900   0.00   0.00   0.00 
6.908   0.00   0.00   0.00 
6.915   0.00   0.00   0.00 
6.952   0.00   0.00   0.00 
6.956   0.00   0.00   0.00 
6.988   0.00   0.00   0.00 
7.005   0.00   0.00   0.00 
7.016   0.00   0.00   0.00 
7.052   0.00   0.00   0.00 
7.052   0.00   0.00   0.00 
7.052   0.00   0.00   0.00 
7.066   0.00   0.00   0.00 
7.066   0.00   0.00   0.00 
7.075   0.00   0.00   0.00 
7.085   0.00   0.00   0.00 
7.095   0.00   0.00   0.00 
7.116   0.00   0.00   0.00 
7.116   0.00   0.00   0.00 
7.128   0.00   0.00   0.00 
7.148   0.00   0.00   0.00 
7.148   0.00   0.00   0.00 
7.156   0.00   0.00   0.00 
7.165   0.00   0.00   0.00 
7.197   0.00   0.00   0.00 
7.216   0.00   0.00   0.00 
7.236   0.00   0.00   0.00 
7.244   0.00   0.00   0.00 
7.247   0.00   0.00   0.00 
7.277   0.00   0.00   0.00 
7.297   0.00   0.00   0.00 
7.312   0.00   0.00   0.00 
7.340   0.00   0.00   0.00 
7.340   0.00   0.00   0.00 
7.340   0.00   0.00   0.00 
7.347   0.00   0.00   0.00 
7.357   0.00   0.00   0.00 
7.372   0.00   0.00   0.00 
7.397   0.00   0.00   0.00 
7.397   0.00   0.00   0.00 
7.397   0.00   0.00   0.00 
7.425   0.00   0.00   0.00 
7.425   0.00   0.00   0.00 
7.447   0.00   0.00   0.00 
7.448   0.00   0.00   0.00 
7.448   0.00   0.00   0.00 
7.457   0.00   0.00   0.00 
7.498   0.00   0.00   0.00 
7.498   0.00   0.00   0.00 
7.548   0.00   0.00   0.00 
7.548   0.00   0.00   0.00 
7.561   0.00   0.00   0.00 
7.572   0.00   0.00   0.00 
7.598   0.00   0.00   0.00 
7.611   0.00   0.00   0.00 
7.618   0.00   0.00   0.00 
7.628   0.00   0.00   0.00 
7.640   0.00   0.00   0.00 
7.661   0.00   0.00   0.00 
7.661   0.00   0.00   0.00 
7.668   0.00   0.00   0.00 
7.679   0.00   0.00   0.00 
7.712   0.00   0.00   0.00 
7.712   0.00   0.00   0.00 
7.712   0.00   0.00   0.00 
7.725   0.00   0.00   0.00 
7.762   0.00   0.00   0.00 
7.762   0.00   0.00   0.00 
7.772   0.00   0.00   0.00 
7.782   0.00   0.00   0.00 
7.804   0.00   0.00   0.00 
7.812   0.00   0.00   0.00 
7.812   0.00   0.00   0.00 
7.822   0.00   0.00   0.00 
7.832   0.00   0.00   0.00 
7.852   0.00   0.00   0.00 
7.852   0.00   0.00   0.00 
7.872   0.00   0.00   0.00 
7.872   0.00   0.00   0.00 
7.882   0.00   0.00   0.00 
7.892   0.00   0.00   0.00 
7.920   0.00   0.00   0.00 
7.922   0.00   0.00   0.00 
7.922   0.00   0.00   0.00 
7.972   0.00   0.00   0.00 
7.972   0.00   0.00   0.00 
7.989   0.00   0.00   0.00 
7.992   0.00   0.00   0.00 
8.005   0.00   0.00   0.00 
8.016   0.00   0.00   0.00 
8.060   0.00   0.00   0.00 
8.064   0.00   0.00   0.00 
8.076   0.00   0.00   0.00 
8.100   0.00   0.00   0.00 
8.100   0.00   0.00   0.00 
8.104   0.00   0.00   0.00 
8.114   0.00   0.00   0.00 
8.124   0.00   0.00   0.00 
8.134   0.00   0.00   0.00 
8.144   0.00   0.00   0.00 
8.154   0.00   0.00   0.00 
8.164   0.00   0.00   0.00 
8.174   0.00   0.00   0.00 
8.187   0.00   0.00   0.00 
8.194   0.00   0.00   0.00 
8.217   0.00   0.00   0.00 
8.217   0.00   0.00   0.00 
8.236   0.00   0.00   0.00 
8.236   0.00   0.00   0.00 
8.248   0.00   0.00   0.00 
8.266   0.00   0.00   0.00 
8.266   0.00   0.00   0.00 
8.296   0.00   0.00   0.00 
8.312   0.00   0.00   0.00 
8.322   0.00   0.00   0.00 
8.332   0.00   0.00   0.00 
8.364   0.00   0.00   0.00 
8.372   0.00   0.00   0.00 
8.396   0.00   0.00   0.00 
8.404   0.00   0.00   0.00 
8.404   0.00   0.00   0.00 
8.422   0.00   0.00   0.00 
8.422   0.00   0.00   0.00 
8.456   0.00   0.00   0.00 
8.456   0.00   0.00   0.00 
8.456   0.00   0.00   0.00 
8.467   0.00   0.00   0.00 
8.472   0.00   0.00   0.00 
8.484   0.00   0.00   0.00 
8.523   0.00   0.00   0.00 
8.556   0.00   0.00   0.00 
8.566   0.00   0.00   0.00 
8.576   0.00   0.00   0.00 
8.586   0.00   0.00   0.00 
8.623   0.00   0.00   0.00 
8.673   0.00   0.00   0.00 
8.683   0.00   0.00   0.00 
8.700   0.00   0.00   0.00 
8.720   0.00   0.00   0.00 
8.720   0.00   0.00   0.00 
8.723   0.00   0.00   0.00 
8.733   0.00   0.00   0.00 
8.743   0.00   0.00   0.00 
8.753   0.00   0.00   0.00 
8.764   0.00   0.00   0.00 
8.802   0.00   0.00   0.00 
8.816   0.00   0.00   0.00 
8.827   0.00   0.00   0.00 
8.852   0.00   0.00   0.00 
8.852   0.00   0.00   0.00 
8.852   0.00   0.00   0.00 
8.862   0.00   0.00   0.00 
8.888   0.00   0.00   0.00 
8.888   0.00   0.00   0.00 
8.895   0.00   0.00   0.00 
8.902   0.00   0.00   0.00 
8.932   0.00   0.00   0.00 
8.953   0.00   0.00   0.00 
9.003   0.00   0.00   0.00 
9.013   0.00   0.00   0.00 
9.032   0.00   0.00   0.00 
9.033   0.00   0.00   0.00 
9.043   0.00   0.00   0.00 
9.053   0.00   0.00   0.00 
9.080   0.00   0.00   0.00 
9.080   0.00   0.00   0.00 
9.099   0.00   0.00   0.00 
9.099   0.00   0.00   0.00 
9.103   0.00   0.00   0.00 
9.113   0.00   0.00   0.00 
9.123   0.00   0.00   0.00 
9.133   0.00   0.00   0.00 
9.148   0.00   0.00   0.00 
9.153   0.00   0.00   0.00 
9.164   0.00   0.00   0.00 
9.176   0.00   0.00   0.00 
9.189   0.00   0.00   0.00 
9.194   0.00   0.00   0.00 
9.204   0.00   0.00   0.00 
9.213   0.00   0.00   0.00 
9.223   0.00   0.00   0.00 
9.236   0.00   0.00   0.00 
9.261   0.00   0.00   0.00 
9.263   0.00   0.00   0.00 
9.263   0.00   0.00   0.00 
9.284   0.00   0.00   0.00 
9.284   0.00   0.00   0.00 
9.293   0.00   0.00   0.00 
9.303   0.00   0.00   0.00 
9.328   0.00   0.00   0.00 
9.328   0.00   0.00   0.00 
9.360   0.00   0.00   0.00 
9.360   0.00   0.00   0.00 
9.360   0.00   0.00   0.00 
9.363   0.00   0.00   0.00 
9.404   0.00   0.00   0.00 
9.412   0.00   0.00   0.00 
9.422   0.00   0.00   0.00 
9.432   0.00   0.00   0.00 
9.462   0.00   0.00   0.00 
9.462   0.00   0.00   0.00 
9.464   0.00   0.00   0.00 
9.488   0.00   0.00   0.00 
9.488   0.00   0.00   0.00 
9.492   0.00   0.00   0.00 
9.512   0.00   0.00   0.00 
9.520   0.00   0.00   0.00 
9.522   0.00   0.00   0.00 
9.562   0.00   0.00   0.00 
9.562   0.00   0.00   0.00 
9.572   0.00   0.00   0.00 
9.588   0.00   0.00   0.00 
9.604   0.00   0.00   0.00 
9.604   0.00   0.00   0.00 
9.616   0.00   0.00   0.00 
9.622   0.00   0.00   0.00 
9.632   0.00   0.00   0.00 
9.655   0.00   0.00   0.00 
9.655   0.00   0.00   0.00 
9.673   0.00   0.00   0.00 
9.673   0.00   0.00   0.00 
9.688   0.00   0.00   0.00 
9.697   0.00   0.00   0.00 
9.702   0.00   0.00   0.00 
9.713   0.00   0.00   0.00 
9.723   0.00   0.00   0.00 
9.740   0.00   0.00   0.00 
9.751   0.00   0.00   0.00 
9.755   0.00   0.00   0.00 
9.762   0.00   0.00   0.00 
9.776   0.00   0.00   0.00 
9.782   0.00   0.00   0.00 
9.796   0.00   0.00   0.00 
9.806   0.00   0.00   0.00 
9.815   0.00   0.00   0.00 
9.828   0.00   0.00   0.00 
9.834   0.00   0.00   0.00 
9.860   0.00   0.00   0.00 
9.860   0.00   0.00   0.00 
9.871   0.00   0.00   0.00 
9.880   0.00   0.00   0.00 
9.883   0.00   0.00   0.00 
9.906   0.00   0.00   0.00 
9.906   0.00   0.00   0.00 
9.918   0.00   0.00   0.00 
9.925   0.00   0.00   0.00 
9.933   0.00   0.00   0.00 
9.944   0.00   0.00   0.00 
9.962   0.00   0.00   0.00 
9.964   0.00   0.00   0.00 
9.972   0.00   0.00   0.00 
9.992   0.00   0.00   0.00 
9.994   0.00   0.00   0.00 
10.003   0.00   0.00   0.00 
10.012   0.00   0.00   0.00 
10.022   0.00   0.00   0.00 
10.044   0.00   0.00   0.00 
10.052   0.00   0.00   0.00 
10.064   0.00   0.00   0.00 
10.064   0.00   0.00   0.00 
10.073   0.00   0.00   0.00 
10.082   0.00   0.00   0.00 
10.124   0.00   0.00   0.00 
10.127   0.00   0.00   0.00 
10.146   0.00   0.00   0.00 
10.156   0.00   0.00   0.00 
10.157   0.00   0.00   0.00 
10.177   0.00   0.00   0.00 
10.177   0.00   0.00   0.00 
10.187   0.00   0.00   0.00 
10.197   0.00   0.00   0.00 
10.207   0.00   0.00   0.00 
10.217   0.00   0.00   0.00 
10.227   0.00   0.00   0.00 
10.240   0.00   0.00   0.00 
10.256   0.00   0.00   0.00 
10.263   0.00   0.00   0.00 
10.272   0.00   0.00   0.00 
10.277   0.00   0.00   0.00 
10.295   0.00   0.00   0.00 
10.300   0.00   0.00   0.00 
10.332   0.00   0.00   0.00 
10.332   0.00   0.00   0.00 
10.332   0.00   0.00   0.00 
10.345   0.00   0.00   0.00 
10.356   0.00   0.00   0.00 
10.357   0.00   0.00   0.00 
10.372   0.00   0.00   0.00 
10.380   0.00   0.00   0.00 
10.395   0.00   0.00   0.00 
10.404   0.00   0.00   0.00 
10.407   0.00   0.00   0.00 
10.445   0.00   0.00   0.00 
10.445   0.00   0.00   0.00 
10.445   0.00   0.00   0.00 
10.496   0.00   0.00   0.00 
10.496   0.00   0.00   0.00 
10.532   0.00   0.00   0.00 
10.532   0.00   0.00   0.00 
10.532   0.00   0.00   0.00 
10.540   0.00   0.00   0.00 
10.548   0.00   0.00   0.00 
10.556   0.00   0.00   0.00 
10.566   0.00   0.00   0.00 
10.576   0.00   0.00   0.00 
10.586   0.00   0.00   0.00 
10.596   0.00   0.00   0.00 
10.619   0.00   0.00   0.00 
10.624   0.00   0.00   0.00 
10.689   0.00   0.00   0.00 
10.689   0.00   0.00   0.00 
10.703   0.00   0.00   0.00 
10.709   0.00   0.00   0.00 
10.722   0.00   0.00   0.00 
10.744   0.00   0.00   0.00 
10.744   0.00   0.00   0.00 
10.753   0.00   0.00   0.00 
10.803   0.00   0.00   0.00 
10.803   0.00   0.00   0.00 
10.852   0.00   0.00   0.00 
10.852   0.00   0.00   0.00 
10.862   0.00   0.00   0.00 
10.872   0.00   0.00   0.00 
10.882   0.00   0.00   0.00 
10.892   0.00   0.00   0.00 
10.902   0.00   0.00   0.00 
10.912   0.00   0.00   0.00 
10.922   0.00   0.00   0.00 
10.944   0.00   0.00   0.00 
10.944   0.00   0.00   0.00 
10.952   0.00   0.00   0.00 
10.963   0.00   0.00   0.00 
10.981   0.00   0.00   0.00 
10.984   0.00   0.00   0.00 
11.013   0.00   0.00   0.00 
11.063   0.00   0.00   0.00 
11.096   0.00   0.00   0.00 
11.096   0.00   0.00   0.00 
11.096   0.00   0.00   0.00 
11.113   0.00   0.00   0.00 
11.113   0.00   0.00   0.00 
11.123   0.00   0.00   0.00 
11.156   0.00   0.00   0.00 
11.156   0.00   0.00   0.00 
11.156   0.00   0.00   0.00 
11.163   0.00   0.00   0.00 
11.204   0.00   0.00   0.00 
11.204   0.00   0.00   0.00 
11.218   0.00   0.00   0.00 
11.229   0.00   0.00   0.00 
11.245   0.00   0.00   0.00 
11.245   0.00   0.00   0.00 
11.264   0.00   0.00   0.00 
11.264   0.00   0.00   0.00 
11.277   0.00   0.00   0.00 
11.288   0.00   0.00   0.00 
11.296   0.00   0.00   0.00 
11.327   0.00   0.00   0.00 
11.327   0.00   0.00   0.00 
11.327   0.00   0.00   0.00 
11.364   0.00   0.00   0.00 
11.376   0.00   0.00   0.00 
11.431   0.00   0.00   0.00 
11.481   0.00   0.00   0.00 
11.498   0.00   0.00   0.00 
11.521   0.00   0.00   0.00 
11.521   0.00   0.00   0.00 
11.521   0.00   0.00   0.00 
11.531   0.00   0.00   0.00 
11.556   0.00   0.00   0.00 
11.556   0.00   0.00   0.00 
11.581   0.00   0.00   0.00 
11.581   0.00   0.00   0.00 
11.581   0.00   0.00   0.00 
11.631   0.00   0.00   0.00 
11.631   0.00   0.00   0.00 
11.660   0.00   0.00   0.00 
11.681   0.00   0.00   0.00 
11.704   0.00   0.00   0.00 
11.706   0.00   0.00   0.00 
11.716   0.00   0.00   0.00 
11.725   0.00   0.00   0.00 
11.732   0.00   0.00   0.00 
11.742   0.00   0.00   0.00 
11.759   0.00   0.00   0.00 
11.764   0.00   0.00   0.00 
11.772   0.00   0.00   0.00 
11.791   0.00   0.00   0.00 
11.793   0.00   0.00   0.00 
11.808   0.00   0.00   0.00 
11.824   0.00   0.00   0.00 
11.824   0.00   0.00   0.00 
11.832   0.00   0.00   0.00 
11.848   0.00   0.00   0.00 
11.868   0.00   0.00   0.00 
11.868   0.00   0.00   0.00 
11.871   0.00   0.00   0.00 
11.891   0.00   0.00   0.00 
11.892   0.00   0.00   0.00 
11.912   0.00   0.00   0.00 
11.912   0.00   0.00   0.00 
11.942   0.00   0.00   0.00 
11.942   0.00   0.00   0.00 
11.942   0.00   0.00   0.00 
11.962   0.00   0.00   0.00 
11.964   0.00   0.00   0.00 
11.971   0.00   0.00   0.00 
11.981   0.00   0.00   0.00 
11.992   0.00   0.00   0.00 
12.002   0.00   0.00   0.00 
12.046   0.00   0.00   0.00 
12.064   0.00   0.00   0.00 
12.072   0.00   0.00   0.00 
12.076   0.00   0.00   0.00 
12.096   0.00   0.00   0.00 
12.096   0.00   0.00   0.00 
12.106   0.00   0.00   0.00 
12.116   0.00   0.00   0.00 
12.126   0.00   0.00   0.00 
12.146   0.00   0.00   0.00 
12.146   0.00   0.00   0.00 
12.168   0.00   0.00   0.00 
12.168   0.00   0.00   0.00 
12.180   0.00   0.00   0.00 
12.186   0.00   0.00   0.00 
12.196   0.00   0.00   0.00 
12.208   0.00   0.00   0.00 
12.216   0.00   0.00   0.00 
12.226   0.00   0.00   0.00 
12.236   0.00   0.00   0.00 
12.246   0.00   0.00   0.00 
12.264   0.00   0.00   0.00 
12.300   0.00   0.00   0.00 
12.321   0.00   0.00   0.00 
12.321   0.00   0.00   0.00 
12.332   0.00   0.00   0.00 
12.340   0.00   0.00   0.00 
12.350   0.00   0.00   0.00 
12.364   0.00   0.00   0.00 
12.400   0.00   0.00   0.00 
12.407   0.00   0.00   0.00 
12.428   0.00   0.00   0.00 
12.428   0.00   0.00   0.00 
12.458   0.00   0.00   0.00 
12.458   0.00   0.00   0.00 
12.458   0.00   0.00   0.00 
12.472   0.00   0.00   0.00 
12.477   0.00   0.00   0.00 
12.504   0.00   0.00   0.00 
12.509   0.00   0.00   0.00 
12.509   0.00   0.00   0.00 
12.520   0.00   0.00   0.00 
12.527   0.00   0.00   0.00 
12.538   0.00   0.00   0.00 
12.556   0.00   0.00   0.00 
12.559   0.00   0.00   0.00 
12.568   0.00   0.00   0.00 
12.592   0.00   0.00   0.00 
12.609   0.00   0.00   0.00 
12.620   0.00   0.00   0.00 
12.636   0.00   0.00   0.00 
12.639   0.00   0.00   0.00 
12.659   0.00   0.00   0.00 
12.659   0.00   0.00   0.00 
12.669   0.00   0.00   0.00 
12.708   0.00   0.00   0.00 
12.710   0.00   0.00   0.00 
12.720   0.00   0.00   0.00 
12.730   0.00   0.00   0.00 
12.752   0.00   0.00   0.00 
12.764   0.00   0.00   0.00 
12.764   0.00   0.00   0.00 
12.770   0.00   0.00   0.00 
12.796   0.00   0.00   0.00 
12.808   0.00   0.00   0.00 
12.808   0.00   0.00   0.00 
12.816   0.00   0.00   0.00 
12.820   0.00   0.00   0.00 
12.861   0.00   0.00   0.00 
12.861   0.00   0.00   0.00 
12.921   0.00   0.00   0.00 
12.921   0.00   0.00   0.00 
12.952   0.00   0.00   0.00 
12.958   0.00   0.00   0.00 
12.958   0.00   0.00   0.00 
12.964   0.00   0.00   0.00 
12.971   0.00   0.00   0.00 
12.981   0.00   0.00   0.00 
12.991   0.00   0.00   0.00 
13.021   0.00   0.00   0.00 
13.034   0.00   0.00   0.00 
13.044   0.00   0.00   0.00 
13.070   0.00   0.00   0.00 
13.071   0.00   0.00   0.00 
13.100   0.00   0.00   0.00 
13.100   0.00   0.00   0.00 
13.100   0.00   0.00   0.00 
13.121   0.00   0.00   0.00 
13.121   0.00   0.00   0.00 
13.147   0.00   0.00   0.00 
13.148   0.00   0.00   0.00 
13.148   0.00   0.00   0.00 
13.171   0.00   0.00   0.00 
13.171   0.00   0.00   0.00 
13.174   0.00   0.00   0.00 
13.207   0.00   0.00   0.00 
13.207   0.00   0.00   0.00 
13.207   0.00   0.00   0.00 
13.216   0.00   0.00   0.00 
13.224   0.00   0.00   0.00 
13.234   0.00   0.00   0.00 
13.244   0.00   0.00   0.00 
13.329   0.00   0.00   0.00 
13.332   0.00   0.00   0.00 
13.379   0.00   0.00   0.00 
13.379   0.00   0.00   0.00 
13.389   0.00   0.00   0.00 
13.429   0.00   0.00   0.00 
13.479   0.00   0.00   0.00 
13.529   0.00   0.00   0.00 
13.530   0.00   0.00   0.00 
13.560   0.00   0.00   0.00 
13.560   0.00   0.00   0.00 
13.560   0.00   0.00   0.00 
13.570   0.00   0.00   0.00 
13.630   0.00   0.00   0.00 
13.680   0.00   0.00   0.00 
13.708   0.00   0.00   0.00 
13.709   0.00   0.00   0.00 
13.715   0.00   0.00   0.00 
13.747   0.00   0.00   0.00 
13.747   0.00   0.00   0.00 
13.747   0.00   0.00   0.00 
13.756   0.00   0.00   0.00 
13.776   0.00   0.00   0.00 
13.777   0.00   0.00   0.00 
13.806   0.00   0.00   0.00 
13.806   0.00   0.00   0.00 
13.806   0.00   0.00   0.00 
13.812   0.00   0.00   0.00 
13.820   0.00   0.00   0.00 
13.838   0.00   0.00   0.00 
13.852   0.00   0.00   0.00 
13.852   0.00   0.00   0.00 
13.860   0.00   0.00   0.00 
13.888   0.00   0.00   0.00 
13.904   0.00   0.00   0.00 
13.924   0.00   0.00   0.00 
13.924   0.00   0.00   0.00 
13.934   0.00   0.00   0.00 
13.994   0.00   0.00   0.00 
14.044   0.00   0.00   0.00 
14.094   0.00   0.00   0.00 
14.094   0.00   0.00   0.00 
14.144   0.00   0.00   0.00 
14.147   0.00   0.00   0.00 
14.195   0.00   0.00   0.00 
14.195   0.00   0.00   0.00 
14.209   0.00   0.00   0.00 
14.216   0.00   0.00   0.00 
14.225   0.00   0.00   0.00 
14.235   0.00   0.00   0.00 
14.248   0.00   0.00   0.00 
14.260   0.00   0.00   0.00 
14.271   0.00   0.00   0.00 
14.296   0.00   0.00   0.00 
14.296   0.00   0.00   0.00 
14.296   0.00   0.00   0.00 
14.305   0.00   0.00   0.00 
14.318   0.00   0.00   0.00 
14.326   0.00   0.00   0.00 
14.336   0.00   0.00   0.00 
14.346   0.00   0.00   0.00 
14.355   0.00   0.00   0.00 
14.396   0.00   0.00   0.00 
14.408   0.00   0.00   0.00 
14.447   0.00   0.00   0.00 
14.447   0.00   0.00   0.00 
14.447   0.00   0.00   0.00 
14.456   0.00   0.00   0.00 
14.488   0.00   0.00   0.00 
14.488   0.00   0.00   0.00 
14.547   0.00   0.00   0.00 
14.547   0.00   0.00   0.00 
14.557   0.00   0.00   0.00 
14.592   0.00   0.00   0.00 
14.597   0.00   0.00   0.00 
14.629   0.00   0.00   0.00 
14.629   0.00   0.00   0.00 
14.629   0.00   0.00   0.00 
14.658   0.00   0.00   0.00 
14.658   0.00   0.00   0.00 
14.658   0.00   0.00   0.00 
14.708   0.00   0.00   0.00 
14.708   0.00   0.00   0.00 
14.718   0.00   0.00   0.00 
14.735   0.00   0.00   0.00 
14.743   0.00   0.00   0.00 
14.753   0.00   0.00   0.00 
14.771   0.00   0.00   0.00 
14.771   0.00   0.00   0.00 
14.803   0.00   0.00   0.00 
14.803   0.00   0.00   0.00 
14.803   0.00   0.00   0.00 
14.836   0.00   0.00   0.00 
14.836   0.00   0.00   0.00 
14.836   0.00   0.00   0.00 
14.838   0.00   0.00   0.00 
14.848   0.00   0.00   0.00 
14.860   0.00   0.00   0.00 
14.884   0.00   0.00   0.00 
14.903   0.00   0.00   0.00 
14.916   0.00   0.00   0.00 
14.932   0.00   0.00   0.00 
14.956   0.00   0.00   0.00 
14.956   0.00   0.00   0.00 
14.956   0.00   0.00   0.00 
15.000   0.00   0.00   0.00 
15.006   0.00   0.00   0.00 
15.056   0.00   0.00   0.00 
15.056   0.00   0.00   0.00 
15.106   0.00   0.00   0.00 
15.106   0.00   0.00   0.00 
15.116   0.00   0.00   0.00 
15.156   0.00   0.00   0.00 
15.157   0.00   0.00   0.00 
15.207   0.00   0.00   0.00 
15.207   0.00   0.00   0.00 
15.224   0.00   0.00   0.00 
15.227   0.00   0.00   0.00 
15.237   0.00   0.00   0.00 
15.258   0.00   0.00   0.00 
15.261   0.00   0.00   0.00 
15.269   0.00   0.00   0.00 
15.277   0.00   0.00   0.00 
15.287   0.00   0.00   0.00 
15.297   0.00   0.00   0.00 
15.312   0.00   0.00   0.00 
15.318   0.00   0.00   0.00 
15.350   0.00   0.00   0.00 
15.350   0.00   0.00   0.00 
15.350   0.00   0.00   0.00 
15.357   0.00   0.00   0.00 
15.407   0.00   0.00   0.00 
15.407   0.00   0.00   0.00 
15.444   0.00   0.00   0.00 
15.444   0.00   0.00   0.00 
15.444   0.00   0.00   0.00 
15.457   0.00   0.00   0.00 
15.504   0.00   0.00   0.00 
15.555   0.00   0.00   0.00 
15.557   0.00   0.00   0.00 
15.588   0.00   0.00   0.00 
15.608   0.00   0.00   0.00 
15.648   0.00   0.00   0.00 
15.664   0.00   0.00   0.00 
15.708   0.00   0.00   0.00 
15.708   0.00   0.00   0.00 
15.727   0.00   0.00   0.00 
15.728   0.00   0.00   0.00 
15.738   0.00   0.00   0.00 
15.751   0.00   0.00   0.00 
15.758   0.00   0.00   0.00 
15.786   0.00   0.00   0.00 
15.786   0.00   0.00   0.00 
15.829   0.00   0.00   0.00 
15.855   0.00   0.00   0.00 
15.896   0.00   0.00   0.00 
15.896   0.00   0.00   0.00 
15.916   0.00   0.00   0.00 
15.920   0.00   0.00   0.00 
15.966   0.00   0.00   0.00 
15.976   0.00   0.00   0.00 
16.016   0.00   0.00   0.00 
16.020   0.00   0.00   0.00 
16.030   0.00   0.00   0.00 
16.066   0.00   0.00   0.00 
16.080   0.00   0.00   0.00 
16.132   0.00   0.00   0.00 
16.132   0.00   0.00   0.00 
16.182   0.00   0.00   0.00 
16.196   0.00   0.00   0.00 
16.227   0.00   0.00   0.00 
16.238   0.00   0.00   0.00 
16.248   0.00   0.00   0.00 
16.258   0.00   0.00   0.00 
16.270   0.00   0.00   0.00 
16.283   0.00   0.00   0.00 
16.290   0.00   0.00   0.00 
16.299   0.00   0.00   0.00 
16.322   0.00   0.00   0.00 
16.322   0.00   0.00   0.00 
16.328   0.00   0.00   0.00 
16.348   0.00   0.00   0.00 
16.348   0.00   0.00   0.00 
16.364   0.00   0.00   0.00 
16.368   0.00   0.00   0.00 
16.378   0.00   0.00   0.00 
16.392   0.00   0.00   0.00 
16.406   0.00   0.00   0.00 
16.408   0.00   0.00   0.00 
16.420   0.00   0.00   0.00 
16.428   0.00   0.00   0.00 
16.441   0.00   0.00   0.00 
16.452   0.00   0.00   0.00 
16.460   0.00   0.00   0.00 
16.468   0.00   0.00   0.00 
16.478   0.00   0.00   0.00 
16.490   0.00   0.00   0.00 
16.501   0.00   0.00   0.00 
16.508   0.00   0.00   0.00 
16.518   0.00   0.00   0.00 
16.531   0.00   0.00   0.00 
16.538   0.00   0.00   0.00 
16.551   0.00   0.00   0.00 
16.558   0.00   0.00   0.00 
16.587   0.00   0.00   0.00 
16.587   0.00   0.00   0.00 
16.588   0.00   0.00   0.00 
16.598   0.00   0.00   0.00 
16.608   0.00   0.00   0.00 
16.618   0.00   0.00   0.00 
16.628   0.00   0.00   0.00 
16.641   0.00   0.00   0.00 
16.648   0.00   0.00   0.00 
16.669   0.00   0.00   0.00 
16.669   0.00   0.00   0.00 
16.678   0.00   0.00   0.00 
16.690   0.00   0.00   0.00 
16.729   0.00   0.00   0.00 
16.731   0.00   0.00   0.00 
16.741   0.00   0.00   0.00 
16.756   0.00   0.00   0.00 
16.776   0.00   0.00   0.00 
16.793   0.00   0.00   0.00 
16.820   0.00   0.00   0.00 
16.820   0.00   0.00   0.00 
16.831   0.00   0.00   0.00 
16.833   0.00   0.00   0.00 
16.843   0.00   0.00   0.00 
16.893   0.00   0.00   0.00 
16.928   0.00   0.00   0.00 
16.943   0.00   0.00   0.00 
16.993   0.00   0.00   0.00 
16.993   0.00   0.00   0.00 
17.030   0.00   0.00   0.00 
17.030   0.00   0.00   0.00 
17.030   0.00   0.00   0.00 
17.043   0.00   0.00   0.00 
17.043   0.00   0.00   0.00 
17.068   0.00   0.00   0.00 
17.073   0.00   0.00   0.00 
17.073   0.00   0.00   0.00 
17.084   0.00   0.00   0.00 
17.093   0.00   0.00   0.00 
17.103   0.00   0.00   0.00 
17.113   0.00   0.00   0.00 
17.132   0.00   0.00   0.00 
17.144   0.00   0.00   0.00 
17.152   0.00   0.00   0.00 
17.194   0.00   0.00   0.00 
17.196   0.00   0.00   0.00 
17.206   0.00   0.00   0.00 
17.228   0.00   0.00   0.00 
17.228   0.00   0.00   0.00 
17.236   0.00   0.00   0.00 
17.258   0.00   0.00   0.00 
17.258   0.00   0.00   0.00 
17.272   0.00   0.00   0.00 
17.278   0.00   0.00   0.00 
17.287   0.00   0.00   0.00 
17.302   0.00   0.00   0.00 
17.307   0.00   0.00   0.00 
17.318   0.00   0.00   0.00 
17.334   0.00   0.00   0.00 
17.343   0.00   0.00   0.00 
17.347   0.00   0.00   0.00 
17.360   0.00   0.00   0.00 
17.376   0.00   0.00   0.00 
17.378   0.00   0.00   0.00 
17.388   0.00   0.00   0.00 
17.396   0.00   0.00   0.00 
17.409   0.00   0.00   0.00 
17.419   0.00   0.00   0.00 
17.434   0.00   0.00   0.00 
17.438   0.00   0.00   0.00 
17.448   0.00   0.00   0.00 
17.459   0.00   0.00   0.00 
17.466   0.00   0.00   0.00 
17.476   0.00   0.00   0.00 
17.490   0.00   0.00   0.00 
17.504   0.00   0.00   0.00 
17.506   0.00   0.00   0.00 
17.516   0.00   0.00   0.00 
17.532   0.00   0.00   0.00 
17.536   0.00   0.00   0.00 
17.546   0.00   0.00   0.00 
17.556   0.00   0.00   0.00 
17.566   0.00   0.00   0.00 
17.580   0.00   0.00   0.00 
17.586   0.00   0.00   0.00 
17.603   0.00   0.00   0.00 
17.608   0.00   0.00   0.00 
17.616   0.00   0.00   0.00 
17.626   0.00   0.00   0.00 
17.636   0.00   0.00   0.00 
17.646   0.00   0.00   0.00 
17.656   0.00   0.00   0.00 
17.666   0.00   0.00   0.00 
17.676   0.00   0.00   0.00 
17.686   0.00   0.00   0.00 
17.712   0.00   0.00   0.00 
17.712   0.00   0.00   0.00 
17.717   0.00   0.00   0.00 
17.728   0.00   0.00   0.00 
17.740   0.00   0.00   0.00 
17.751   0.00   0.00   0.00 
17.758   0.00   0.00   0.00 
17.768   0.00   0.00   0.00 
17.776   0.00   0.00   0.00 
17.790   0.00   0.00   0.00 
17.801   0.00   0.00   0.00 
17.806   0.00   0.00   0.00 
17.825   0.00   0.00   0.00 
17.827   0.00   0.00   0.00 
17.840   0.00   0.00   0.00 
17.848   0.00   0.00   0.00 
17.863   0.00   0.00   0.00 
17.867   0.00   0.00   0.00 
17.876   0.00   0.00   0.00 
17.888   0.00   0.00   0.00 
17.900   0.00   0.00   0.00 
17.906   0.00   0.00   0.00 
17.916   0.00   0.00   0.00 
17.927   0.00   0.00   0.00 
17.936   0.00   0.00   0.00 
17.948   0.00   0.00   0.00 
17.957   0.00   0.00   0.00 
17.970   0.00   0.00   0.00 
17.978   0.00   0.00   0.00 
17.989   0.00   0.00   0.00 
17.996   0.00   0.00   0.00 
18.010   0.00   0.00   0.00 
18.019   0.00   0.00   0.00 
18.028   0.00   0.00   0.00 
18.044   0.00   0.00   0.00 
18.047   0.00   0.00   0.00 
18.057   0.00   0.00   0.00 
18.066   0.00   0.00   0.00 
18.088   0.00   0.00   0.00 
18.088   0.00   0.00   0.00 
18.102   0.00   0.00   0.00 
18.111   0.00   0.00   0.00 
18.118   0.00   0.00   0.00 
18.127   0.00   0.00   0.00 
18.137   0.00   0.00   0.00 
18.149   0.00   0.00   0.00 
18.158   0.00   0.00   0.00 
18.166   0.00   0.00   0.00 
18.178   0.00   0.00   0.00 
18.192   0.00   0.00   0.00 
18.197   0.00   0.00   0.00 
18.209   0.00   0.00   0.00 
18.216   0.00   0.00   0.00 
18.232   0.00   0.00   0.00 
18.238   0.00   0.00   0.00 
18.247   0.00   0.00   0.00 
18.256   0.00   0.00   0.00 
18.266   0.00   0.00   0.00 
18.276   0.00   0.00   0.00 
18.286   0.00   0.00   0.00 
18.297   0.00   0.00   0.00 
18.310   0.00   0.00   0.00 
18.320   0.00   0.00   0.00 
18.326   0.00   0.00   0.00 
18.337   0.00   0.00   0.00 
18.349   0.00   0.00   0.00 
18.360   0.00   0.00   0.00 
18.367   0.00   0.00   0.00 
18.376   0.00   0.00   0.00 
18.388   0.00   0.00   0.00 
18.396   0.00   0.00   0.00 
18.406   0.00   0.00   0.00 
